    28   0.175101 -0.750386 1.3115 52931.22 20.900 0.040 51081.00 19.857 0.023  0 
    33   0.192320 -0.501993 1.4453 54373.38 20.636 0.100 51075.30 19.459 0.022  0 
    50   0.268872  0.464944 0.5512 56546.27 21.238 0.017 51819.36 20.189 0.026  0 
    90   0.537709  0.098022 2.1447 54387.33 21.367 0.054 51819.36 20.204 0.027  0 
    97   0.579628  0.375815 0.5467 53314.21 20.722 0.036 52253.19 19.699 0.035  0 
   124   0.763860  0.172118 1.5228 56537.26 21.304 0.020 53975.30 20.299 0.024  0 
   147   0.946696  0.895754 0.5783 56537.26 21.428 0.024 51081.29 19.698 0.029  0 
   170   1.122802 -0.361890 0.6144 52586.22 19.986 0.019 52931.23 18.961 0.022  0 
   178   1.166559 -0.029582 0.5829 53272.33 21.303 0.069 56537.26 19.942 0.009  0 
   203   1.284879  1.135122 1.3131 56546.30 21.294 0.021 52962.14 20.147 0.030  0 
   214   1.364699 -0.098956 0.6124 56618.07 20.260 0.010 51075.00 19.151 0.011  0 
   217   1.377786  1.042586 0.6346 53294.30 20.159 0.023 56953.20 18.738 0.007  0 
   260   1.689236  0.103866 1.0303 56953.20 21.400 0.028 53975.30 19.856 0.024  0 
   277   1.791733  0.891418 0.3162 56953.20 17.919 0.007 54062.24 16.731 0.018  1 
   291   1.914787 -0.088850 1.9024 54011.33 21.274 0.072 56953.20 20.231 0.012  0 
   304   1.979156 -1.035195 1.5821 56563.09 20.950 0.020 51075.00 19.765 0.018  0 
   347   2.254240 -0.051866 0.7131 56537.26 20.637 0.014 53663.27 19.604 0.022  0 
   361   2.323697 -0.229121 1.5333 56953.20 20.479 0.014 51081.29 19.446 0.023  0 
   372   2.430711  1.083279 0.4557 53314.21 20.476 0.026 56618.08 19.013 0.007  0 
   377   2.468438  1.121590 1.0231 52225.17 21.044 0.040 51075.31 19.832 0.031  0 
   383   2.511850  1.068765 1.4422 54348.33 21.432 0.066 52197.32 20.142 0.033  0 
   385   2.520702 -0.818565 1.9742 54053.25 21.343 0.046 51081.00 20.319 0.031  0 
   394   2.567601  0.787053 1.1817 53637.28 21.459 0.130 52196.00 19.773 0.015  0 
   427   2.730882  0.508954 1.2332 51081.29 20.493 0.033 56618.08 19.417 0.007  0 
   432   2.753657 -0.258933 0.8925 51081.29 20.878 0.047 56932.25 19.655 0.008  0 
   435   2.773221  0.448203 0.4546 52586.22 20.850 0.034 51081.29 19.762 0.028  0 
   443   2.809265  1.157999 0.9556 54359.28 21.050 0.077 53294.31 19.501 0.022  0 
   450   2.876672  0.964388 1.4934 54382.32 21.246 0.053 51081.00 17.876 0.006  1 
   457   2.896123 -1.239443 1.8565 52558.33 20.090 0.044 56618.09 19.082 0.007  0 
   468   2.969925  1.001445 1.4421 52931.23 22.121 0.103 51081.29 20.432 0.034  0 
   480   3.052800 -0.019370 1.6792 53628.28 20.401 0.057 56604.16 19.314 0.007  0 
   493   3.138948  1.002881 1.2134 56618.08 21.345 0.018 51819.37 20.054 0.032  0 
   504   3.219365 -0.035006 0.5691 56932.25 21.814 0.028 53314.21 20.643 0.033  0 
   509   3.238559  1.257595 0.5047 54365.32 19.549 0.026 51075.00 18.409 0.007  0 
   513   3.270852 -1.097010 1.2596 53990.32 20.730 0.064 51819.37 19.642 0.029  2 
   538   3.444402  0.701512 1.5433 52253.20 21.392 0.071 54359.28 20.127 0.039  0 
   558   3.585177 -0.605662 0.9589 54381.34 22.325 0.097 51075.31 19.851 0.025  0 
   562   3.619740  0.651292 1.1665 52196.31 20.260 0.021 54029.26 19.068 0.029  2 
   649   4.284405 -0.645686 2.1069 53352.13 20.777 0.032 51819.37 19.743 0.017  0 
   659   4.316322  0.652268 0.8147 52253.20 20.020 0.046 54348.33 18.979 0.016  0 
   660   4.320115 -1.123764 1.1631 51081.30 21.055 0.053 56546.30 19.810 0.009  0 
   665   4.380308 -0.816486 1.3560 52963.16 20.087 0.024 53975.31 18.919 0.017  0 
   684   4.496506 -1.095438 1.5694 51819.37 20.003 0.023 53655.26 18.890 0.014  0 
   692   4.528673 -0.759756 1.0464 56563.09 21.591 0.034 52910.31 20.070 0.036  0 
   696   4.536281 -0.952842 1.3346 53989.32 21.291 0.123 52578.22 20.113 0.030  0 
   702   4.565726  0.275677 0.5756 52557.32 21.004 0.035 51075.31 19.832 0.019  0 
   711   4.620888  0.587721 1.1595 53697.24 21.709 0.068 51081.00 20.365 0.029  0 
   772   5.014217 -0.689257 1.0346 54357.29 21.854 0.059 51081.30 20.569 0.034  0 
   777   5.057000 -1.096042 1.6500 54715.35 21.914 0.070 52552.33 20.385 0.035  0 
   810   5.299911  0.236894 0.5229 51075.32 21.139 0.040 56537.27 19.688 0.009  0 
   842   5.474688  0.752296 1.4978 52557.32 20.978 0.044 56569.15 19.876 0.008  0 
   858   5.657938  0.088626 1.3727 56568.09 21.529 0.027 54362.34 20.378 0.026  0 
   876   5.796093  0.588196 0.4219 51081.30 19.591 0.024 53705.23 18.143 0.007  0 
   904   5.931687  1.240319 1.6529 56569.15 20.295 0.011 54358.29 19.187 0.021  0 
   932   6.090994  0.419025 0.5990 54404.31 20.673 0.043 54715.36 19.313 0.016  0 
   937   6.103162  0.422766 1.8775 56563.10 21.366 0.026 52196.34 20.206 0.021  0 
   943   6.139854  0.755028 1.8250 52557.32 21.360 0.054 56537.27 19.643 0.008  0 
   951   6.176878 -0.591722 1.7019 56958.21 20.315 0.013 52196.34 19.112 0.017  0 
   960   6.210435  0.579925 0.5240 56618.08 20.218 0.010 52522.00 18.766 0.030  0 
   976   6.344420  0.329304 1.5644 56618.08 20.932 0.014 54348.34 19.920 0.026  0 
   989   6.455730 -0.905720 0.5615 52557.33 20.906 0.038 54715.36 19.320 0.029  0 
   990   6.463753 -0.908482 1.4042 54006.25 20.991 0.050 52911.32 19.916 0.067  0 
   992   6.473036  0.031581 1.5646 56958.21 21.471 0.027 52577.23 19.770 0.018  0 
  1035   6.809220  0.201037 0.4536 56958.21 19.285 0.008 51081.00 18.261 0.007  0 
  1042   6.918271  1.102412 1.5054 56591.05 20.971 0.019 53665.26 19.825 0.080  0 
  1071   7.132150 -0.070365 0.2519 54406.25 18.931 0.089 52196.00 17.916 0.006  1 
  1081   7.207773 -1.074491 1.8310 53700.25 21.281 0.073 52522.34 20.209 0.029  0 
  1094   7.289867 -0.000594 0.9661 56563.10 22.152 0.055 52963.16 21.007 0.030  0 
  1111   7.358986  0.439953 1.5144 54385.35 20.618 0.027 51081.00 19.584 0.015  0 
  1113   7.368275  0.849195 2.0544 54382.33 22.091 0.120 52935.24 20.805 0.033  1 
  1128   7.449723  0.335421 1.5357 56546.30 21.664 0.029 52231.22 20.566 0.027  0 
  1131   7.452277  0.746543 1.0074 53312.22 20.172 0.033 54403.26 19.038 0.021  2 
  1151   7.545156 -0.572714 2.1009 56958.21 20.998 0.018 52196.34 19.716 0.026  0 
  1172   7.703256  1.170996 1.1783 56537.28 21.713 0.028 53294.32 19.743 0.027  0 
  1177   7.753496 -0.741950 0.5425 53990.33 18.840 0.023 56568.09 17.757 0.007  0 
  1208   7.919383  0.326484 1.1553 52911.32 20.509 0.035 54715.36 19.386 0.023  0 
  1234   8.061283 -0.566484 0.9973 53666.35 20.621 0.054 54025.34 19.585 0.028  0 
  1248   8.140610  0.936868 1.3021 53352.14 20.403 0.024 56563.11 19.337 0.009  0 
  1255   8.178088  0.519708 0.3614 54035.35 19.588 0.025 51081.00 18.235 0.007  0 
  1292   8.377894  0.714285 0.5384 53272.35 20.887 0.050 53628.29 19.836 0.038  0 
  1296   8.390075 -0.316151 0.6897 51081.31 18.679 0.021 54382.33 17.426 0.020  0 
  1322   8.541733  1.230685 1.0885 56563.11 20.406 0.013 54000.31 19.148 0.028  0 
  1362   8.752583 -0.273181 1.7215 54402.34 21.321 0.140 52586.24 20.101 0.026  0 
  1367   8.767763  0.804352 1.4671 53693.25 21.268 0.116 52253.21 19.982 0.029  0 
  1420   9.035225  0.881608 1.3101 51081.31 21.515 0.088 54047.30 20.406 0.106  0 
  1435   9.127866  1.089058 2.4518 52911.32 20.677 0.045 51134.17 19.617 0.041  0 
  1438   9.140348  0.839080 2.1753 52911.32 20.652 0.063 56568.09 19.463 0.008  0 
  1448   9.179963  0.304217 1.4025 52253.21 21.061 0.042 51075.33 19.971 0.018  0 
  1472   9.268413 -0.909621 1.0061 51075.33 20.759 0.038 52196.35 19.678 0.020  0 
  1486   9.357939 -0.451944 1.0958 53270.30 21.210 0.042 56568.09 19.991 0.011  0 
  1490   9.394491  0.133981 1.1697 53685.26 20.128 0.075 52577.23 19.075 0.024  0 
  1502   9.467880 -0.018443 0.5902 56537.35 21.149 0.019 51134.17 20.026 0.044  0 
  1585   9.917633  0.711544 1.7005 54348.35 20.621 0.031 53272.35 19.587 0.018  0 
  1593   9.940699 -1.009001 1.3852 52936.24 20.627 0.037 51075.33 19.603 0.022  0 
  1596   9.947665 -0.598574 0.7289 52934.24 20.860 0.045 51134.17 19.236 0.028  0 
  1653  10.316819  0.003561 2.1175 52207.32 20.692 0.028 51134.17 19.646 0.029  0 
  1656  10.333755 -0.744485 1.8757 56628.11 21.576 0.027 51819.38 20.195 0.027  0 
  1665  10.392369  1.005271 0.4874 51819.39 21.004 0.047 56594.05 19.802 0.010  0 
  1668  10.411014 -1.036689 1.1395 56594.05 20.986 0.019 51075.00 19.865 0.019  0 
  1691  10.503335  0.565844 1.4028 51081.31 21.430 0.066 52963.17 20.315 0.023  0 
  1716  10.614484  0.237864 0.6058 56568.10 19.990 0.011 54348.35 18.667 0.022  0 
  1718  10.629514 -0.176375 1.5025 56568.10 21.296 0.024 52908.31 20.200 0.045  0 
  1741  10.726427  0.082730 3.1015 53655.28 21.196 0.092 51819.39 20.142 0.026  0 
  1744  10.734199  0.871731 1.6628 53352.14 21.105 0.039 51081.00 19.800 0.018  0 
  1748  10.774676 -0.777130 0.8482 54402.35 20.743 0.099 52931.25 19.412 0.030  0 
  1759  10.832244  0.854291 0.3083 56537.35 18.572 0.007 54424.20 17.536 0.021  1 
  1781  10.922874  0.936107 0.8300 54387.36 20.073 0.029 51819.00 18.973 0.011  0 
  1784  10.935493 -0.692424 1.9293 54382.34 21.180 0.056 51081.32 20.076 0.027  0 
  1789  10.964954  0.917186 1.1317 56594.05 21.210 0.022 54035.36 20.087 0.035  0 
  1792  10.985806 -1.232643 0.9356 52577.24 20.889 0.042 51819.39 19.886 0.028  0 
  1802  11.045608  0.444464 1.1331 53990.34 21.691 0.148 51081.32 20.402 0.031  0 
  1829  11.219831 -0.140612 3.6189 51075.33 21.847 0.072 52962.17 20.797 0.042  0 
  1836  11.244501  0.722180 0.3499 56576.22 19.995 0.009 51075.33 18.781 0.022  0 
  1843  11.273666  0.424482 1.0064 53996.34 20.958 0.036 51134.17 19.575 0.064  0 
  1850  11.301103  0.474216 0.5177 52963.17 20.988 0.035 56628.11 19.916 0.010  0 
  1857  11.321265  1.117931 0.5020 51134.17 21.621 0.144 53628.30 20.468 0.062  0 
  1865  11.360765 -0.317694 2.2359 54424.20 20.984 0.081 53671.35 19.776 0.018  0 
  1875  11.444288  0.299746 1.1332 51075.33 20.484 0.028 54403.27 19.329 0.036  0 
  1884  11.488985 -0.086256 2.2997 56576.22 20.378 0.010 54029.28 19.341 0.019  0 
  1900  11.569530  0.046972 0.4529 52910.33 21.318 0.042 56537.36 20.228 0.011  0 
  1922  11.691682  0.458232 0.4667 54424.20 20.612 0.059 51819.00 19.228 0.013  0 
  1931  11.750318 -0.049393 1.6842 54011.36 20.791 0.039 51075.00 19.660 0.014  0 
  1938  11.803080  0.097075 1.6826 51081.00 20.713 0.034 56628.11 19.710 0.008  0 
  1961  11.918701  0.238306 1.1571 53989.34 21.180 0.100 52934.25 20.114 0.043  0 
  1973  11.998518 -0.573216 1.0342 51075.33 20.981 0.038 54009.29 19.772 0.021  0 
  1996  12.108734 -1.219661 1.0334 56568.11 21.836 0.038 51081.32 20.097 0.029  0 
  2025  12.300491  0.910344 1.4168 54040.28 20.855 0.089 52963.18 19.681 0.019  0 
  2055  12.505852  0.311528 0.4998 56619.12 21.889 0.025 51075.34 20.146 0.022  0 
  2077  12.628358  0.190305 0.6462 51136.17 20.443 0.034 54047.31 19.181 0.040  0 
  2080  12.644545 -0.602441 0.4573 51075.34 21.012 0.040 52908.32 19.456 0.025  0 
  2109  12.823180  0.432038 1.7244 54362.36 21.873 0.061 51819.39 20.250 0.029  0 
  2116  12.856886  0.711211 0.4998 52578.24 20.451 0.025 53977.39 19.159 0.011  0 
  2132  12.928617  0.964157 1.5924 54382.34 21.316 0.062 51819.39 20.101 0.026  0 
  2139  12.977815 -0.322898 1.2694 51136.17 19.628 0.021 53640.31 18.618 0.008  0 
  2140  12.979451 -0.520845 1.3301 51075.34 20.557 0.034 56594.05 18.953 0.007  0 
  2144  13.006480  0.136374 1.9490 54049.31 21.669 0.141 51081.32 20.114 0.025  0 
  2146  13.018610  0.217640 1.7181 56544.24 20.635 0.015 53616.35 19.632 0.016  0 
  2192  13.295206  0.507124 1.5853 52910.33 21.600 0.055 51136.17 20.402 0.027  0 
  2249  13.749719 -0.434189 0.6190 54386.36 20.636 0.037 51134.18 19.502 0.065  0 
  2264  13.815797 -0.831337 0.4581 52577.25 21.163 0.039 54391.37 19.687 0.023  0 
  2276  13.909239 -0.458345 1.2260 56544.25 21.103 0.024 51075.00 19.841 0.017  0 
  2311  14.160392  0.611473 1.2344 56537.36 21.558 0.026 54047.32 20.551 0.132  1 
  2330  14.257491  0.955848 2.4526 54402.36 20.595 0.085 53352.15 19.541 0.027  0 
  2352  14.344190 -0.087929 0.6568 56594.05 20.437 0.014 54412.27 19.053 0.017  0 
  2356  14.372579  1.243178 0.6920 52197.35 19.578 0.022 54381.37 18.296 0.018  0 
  2367  14.466117 -0.569016 1.1607 52936.25 20.308 0.034 56594.05 19.247 0.008  0 
  2368  14.481434  0.430893 1.6137 53655.29 20.952 0.054 51819.40 19.922 0.024  0 
  2379  14.545964 -1.175604 0.8984 56545.34 21.461 0.017 52931.26 20.104 0.034  0 
  2381  14.557030  0.235866 0.6786 56576.22 22.132 0.034 52197.36 20.450 0.036  0 
  2384  14.572469 -0.373973 1.4589 52552.35 21.630 0.058 54359.35 20.435 0.035  0 
  2391  14.631260  0.465790 2.0973 52935.26 21.433 0.062 54392.36 20.330 0.031  0 
  2422  14.839755  0.730583 1.4973 52253.23 21.076 0.052 53989.35 19.986 0.039  0 
  2437  14.944420  0.048628 0.6819 56619.13 19.545 0.008 53674.26 18.522 0.008  0 
  2450  15.026797  0.700799 1.6780 56568.11 20.817 0.016 52908.33 19.765 0.023  0 
  2475  15.282352  1.134367 1.5333 53319.24 21.573 0.078 54403.28 19.660 0.023  0 
  2528  15.629202  0.005365 1.0849 51075.00 20.616 0.028 56544.25 19.490 0.009  0 
  2550  15.849337 -0.048390 1.7489 56619.13 20.899 0.014 53294.34 19.610 0.023  0 
  2573  15.968938  0.505248 1.0595 54359.35 21.063 0.046 51819.00 19.897 0.019  0 
  2586  16.089573  0.179821 1.7240 54387.37 20.567 0.030 51819.40 19.435 0.019  0 
  2618  16.373379 -0.184467 0.7379 56544.31 20.915 0.020 51133.19 19.476 0.029  0 
  2637  16.554899  0.551732 1.5198 54357.32 20.705 0.027 52586.26 19.657 0.021  0 
  2654  16.655540 -0.782837 1.2149 51132.19 21.525 0.057 53634.32 20.281 0.074  0 
  2657  16.671070 -0.863599 0.8687 56544.24 20.542 0.016 52934.26 19.515 0.027  2 
  2696  16.875689 -0.802130 1.8776 51819.40 21.067 0.046 56951.25 20.015 0.010  1 
  2730  17.154303 -0.799914 1.2634 51081.33 20.780 0.037 52959.21 19.562 0.025  0 
  2753  17.291458  1.216177 1.5462 54025.37 21.929 0.111 52225.21 20.828 0.029  0 
  2754  17.298843 -0.433356 2.4304 51075.35 21.930 0.073 52197.36 20.437 0.040  0 
  2760  17.327347  0.905377 1.3582 52935.27 20.093 0.027 54068.27 19.001 0.041  0 
  2820  17.751644  0.241325 1.2352 56951.25 21.272 0.021 53312.25 20.194 0.040  0 
  2872  18.203802  0.386287 0.9769 56545.35 21.334 0.016 52578.25 19.493 0.026  0 
  2899  18.360994 -0.434131 0.9354 53272.38 20.538 0.027 56547.35 19.280 0.008  0 
  2923  18.525995 -1.068329 0.4365 51081.34 21.502 0.076 53638.36 19.579 0.018  0 
  2940  18.626011  0.072483 0.4554 52522.37 21.032 0.038 51081.34 20.006 0.041  0 
  2944  18.631838  0.080734 1.8305 53996.36 21.090 0.043 52577.26 20.047 0.027  0 
  2955  18.718071 -1.205267 0.9711 52959.22 21.086 0.072 52224.26 20.080 0.024  0 
  2958  18.739037  0.558148 1.5418 56547.35 20.811 0.014 54040.30 19.727 0.028  0 
  2966  18.818651 -1.241881 1.2007 53700.28 21.857 0.122 51819.41 19.982 0.023  0 
  2967  18.824141  0.287578 1.5862 56932.29 20.890 0.014 51134.19 19.792 0.027  0 
  2988  18.915665 -0.366479 0.9868 52586.27 20.542 0.030 54424.23 19.478 0.027  1 
  3007  18.985329 -0.602109 2.1001 52197.37 20.981 0.044 56544.31 19.971 0.011  0 
  3012  19.000481 -0.865785 0.8138 53628.32 20.127 0.052 56933.31 18.809 0.008  0 
  3036  19.121572  0.151293 1.2494 51136.19 20.958 0.036 52586.27 19.628 0.027  0 
  3038  19.132887 -0.435614 1.2112 54358.33 21.356 0.057 51819.41 19.656 0.026  0 
  3052  19.176500 -1.119986 1.4434 53352.17 22.132 0.104 51132.20 20.474 0.030  0 
  3094  19.436214 -0.509226 1.3183 51075.36 20.173 0.024 54365.36 19.156 0.023  0 
  3107  19.515881  0.806794 1.2825 53686.28 20.634 0.106 56547.35 19.459 0.009  0 
  3110  19.529341  0.344439 1.0522 56958.22 21.033 0.018 52557.36 19.907 0.022  0 
  3116  19.601204 -1.142230 0.9652 54068.27 19.850 0.042 56544.31 18.644 0.007  0 
  3128  19.686535  0.987144 1.1302 56567.29 21.156 0.017 51132.20 19.840 0.032  0 
  3138  19.698845  0.990264 2.2526 53671.37 21.597 0.090 51136.19 20.443 0.025  2 
  3147  19.756428 -0.578607 0.6611 56933.31 21.045 0.020 53314.26 19.917 0.029  0 
  3155  19.783508 -0.661298 0.9456 54402.37 20.785 0.103 51819.41 19.749 0.027  0 
  3167  19.856544 -0.676505 1.0714 53990.37 21.149 0.088 51819.41 20.037 0.027  0 
  3202  20.068451  0.243771 1.3364 51075.36 20.601 0.027 52282.11 19.566 0.026  0 
  3243  20.260885 -0.466258 1.1106 54029.31 21.316 0.042 51133.20 19.631 0.035  0 
  3259  20.341743 -0.046328 1.2900 56958.22 21.445 0.023 51075.36 20.239 0.024  0 
  3268  20.361692 -1.129084 0.6907 53994.38 20.896 0.038 56568.12 19.334 0.008  0 
  3271  20.367027  0.580727 0.3289 53352.17 19.536 0.031 56547.35 18.477 0.008  0 
  3274  20.392096  0.876171 0.7274 56567.29 20.885 0.015 52640.06 19.743 0.035  0 
  3279  20.403450 -0.302997 0.7643 56932.31 20.143 0.010 52971.19 19.040 0.021  2 
  3296  20.520105 -0.801501 1.0266 51081.34 20.714 0.044 53705.27 19.362 0.013  0 
  3312  20.596909 -0.548174 1.4856 53639.37 21.136 0.047 52197.37 19.839 0.023  0 
  3332  20.707739 -0.119024 1.6306 51134.20 20.956 0.065 52225.22 19.883 0.020  0 
  3337  20.747383  1.033181 1.3216 52552.37 21.537 0.050 51819.00 20.378 0.025  0 
  3356  20.836269  0.427313 1.5549 51133.20 20.818 0.046 53664.33 19.752 0.056  0 
  3363  20.866051 -0.151830 1.7440 54404.35 20.636 0.061 56569.19 19.612 0.009  0 
  3379  21.007336  0.583597 1.8516 54385.38 20.980 0.036 51081.00 19.966 0.021  1 
  3396  21.084181 -0.683457 0.7352 54424.23 20.942 0.076 51819.41 19.792 0.020  0 
  3414  21.193804  1.138009 1.3099 54359.33 20.840 0.125 52253.25 19.422 0.106  0 
  3432  21.287928 -0.565482 2.1722 51134.20 20.431 0.063 56932.31 19.430 0.007  0 
  3461  21.412285 -0.622245 0.6066 51136.19 21.081 0.041 53270.33 19.329 0.025  0 
  3475  21.496704  0.307966 1.2860 53673.28 20.792 0.027 56568.14 19.652 0.009  0 
  3477  21.503101  1.223724 0.5944 52253.25 21.134 0.049 53637.33 20.035 0.034  0 
  3480  21.511515  0.032247 1.0075 52959.22 21.461 0.102 51081.34 20.190 0.027  0 
  3493  21.542879 -0.663692 1.5354 56568.14 21.221 0.021 52935.28 20.116 0.028  0 
  3498  21.560516  0.587852 1.2562 53640.34 21.106 0.046 54402.38 20.038 0.052  0 
  3517  21.685184  0.363409 1.4415 53270.34 20.212 0.025 56568.14 19.145 0.008  0 
  3519  21.689140 -0.344988 1.5857 54376.38 21.493 0.057 51132.21 20.375 0.044  0 
  3529  21.733110  0.875690 1.3932 52959.22 20.384 0.046 56568.14 19.035 0.008  0 
  3536  21.744999  0.046566 0.6230 54424.23 21.311 0.097 56932.32 19.781 0.009  0 
  3540  21.756611  0.724983 0.4505 52287.08 19.436 0.020 54412.32 18.414 0.035  0 
  3563  21.889809  0.344780 1.3945 56932.32 21.491 0.021 53270.34 20.006 0.128  0 
  3578  21.960016 -0.155475 0.4373 53288.31 20.748 0.032 51134.20 19.700 0.023  0 
  3581  21.983307 -0.929434 2.1100 54404.36 21.395 0.102 52197.38 20.139 0.029  0 
  3588  22.011124  0.011353 1.8725 52225.24 20.571 0.027 53622.38 19.497 0.016  0 
  3602  22.068985  0.980304 1.5762 56564.33 22.004 0.043 51081.35 20.422 0.035  0 
  3651  22.270744 -9.674248 1.0719 57252.40 21.426 0.025 53710.23 20.310 0.026  0 
  3663  22.296965  0.382151 1.7532 53272.39 20.952 0.045 54365.37 19.866 0.017  0 
  3664  22.299084  0.666736 0.7415 53319.25 21.765 0.123 56932.32 20.467 0.012  0 
  3691  22.405313 -0.769360 0.6228 56545.38 21.238 0.017 51081.00 19.699 0.017  0 
  3707  22.477121 -0.550661 1.1516 52207.35 21.379 0.060 56569.18 19.469 0.008  0 
  3709  22.486284  0.393972 1.0804 51133.21 21.474 0.058 56932.32 19.354 0.007  2 
  3722  22.552050  0.662872 1.0055 56564.33 22.145 0.046 52287.08 20.327 0.039  0 
  3736  22.597996  0.097712 0.3453 56932.32 20.326 0.010 52585.22 18.534 0.008  0 
  3760  22.743231  0.405795 1.2292 51819.42 20.511 0.033 56545.38 19.456 0.008  0 
  3764  22.769283  0.297146 1.3088 53666.39 21.333 0.089 51133.21 20.303 0.027  0 
  3818  23.029404 -1.069393 1.0229 52959.23 20.959 0.090 56568.14 19.876 0.010  0 
  3840  23.169077 -0.366938 1.5545 56564.33 21.366 0.026 51136.20 19.923 0.022  0 
  3903  23.445448  0.580239 1.3803 56959.25 21.353 0.019 52551.35 19.905 0.031  0 
  3925  23.504074  1.241506 1.4660 53637.34 21.264 0.083 52170.39 20.151 0.024  0 
  3931  23.522249 -0.237610 1.2833 56978.14 22.398 0.046 52225.25 20.787 0.031  0 
  3977  23.703613 -0.418286 0.5749 54424.24 21.436 0.117 52225.25 19.877 0.023  0 
  3978  23.705667  1.050611 1.2311 54049.34 21.081 0.094 51136.20 19.858 0.022  0 
  3984  23.743174 -9.243175 0.4433 57004.15 20.210 0.011 51814.43 18.609 0.022  0 
  3989  23.753275 -0.497310 1.5462 54386.39 22.191 0.115 52936.28 20.597 0.033  0 
  3990  23.753450 -0.681775 1.0071 56978.14 20.216 0.010 51132.21 18.978 0.020  0 
  3996  23.780891 -1.150253 1.6433 54040.31 21.011 0.077 52585.22 19.885 0.023  0 
  3997  23.785524  0.686164 2.0252 56568.14 21.432 0.024 52936.28 20.242 0.027  0 
  4001  23.809996 -0.117728 0.6712 51075.37 21.081 0.036 54403.30 19.865 0.101  1 
  4005  23.820517  0.744762 1.4806 53693.30 21.294 0.114 52170.39 19.684 0.023  0 
  4008  23.827366  0.850414 1.6624 54391.39 21.560 0.099 51819.42 20.431 0.027  0 
  4022  23.906319  0.441131 1.3388 52959.23 21.218 0.076 53694.31 20.072 0.069  0 
  4026  23.928200 -8.326921 2.2458 57252.41 21.174 0.022 55119.26 20.021 0.029  0 
  4034  23.963394 -0.849301 1.9379 53626.35 20.245 0.034 56931.33 19.156 0.007  0 
  4035  23.968834  0.784760 0.6485 51133.21 20.745 0.031 56568.14 19.476 0.009  0 
  4049  24.045740  0.080893 1.5652 51081.00 20.513 0.028 56978.14 19.461 0.008  0 
  4056  24.119125  0.679738 1.2869 56959.25 20.628 0.012 53319.26 19.466 0.020  0 
  4063  24.164062  0.015782 1.6782 51075.00 20.712 0.028 56978.14 19.518 0.008  0 
  4093  24.310492  0.223204 1.8921 54386.39 21.442 0.098 52234.24 19.959 0.025  0 
  4142  24.562733  0.487239 0.9402 51081.35 21.274 0.051 56959.25 19.288 0.008  0 
  4156  24.623529 -8.207804 1.1041 55119.26 21.036 0.040 51814.43 19.556 0.022  0 
  4168  24.708124  0.498474 1.4346 52558.39 21.219 0.038 54424.24 20.163 0.042  1 
  4182  24.749798 -0.524143 1.7955 53663.33 21.303 0.148 52261.20 20.107 0.028  0 
  4197  24.819214 -0.561317 1.4498 56568.14 21.275 0.022 52234.24 20.168 0.031  0 
  4215  24.893749 -8.514942 1.1530 57015.12 19.556 0.008 51813.37 18.511 0.017  0 
  4224  24.948500 -0.043467 0.8461 52934.28 20.578 0.040 51075.00 19.328 0.012  0 
  4225  24.962849  0.427196 1.3406 51132.22 20.662 0.029 53634.34 19.531 0.053  0 
  4252  25.116219  0.870164 1.0204 56564.33 21.494 0.028 52225.25 19.883 0.029  0 
  4254  25.122478 -0.155757 1.7857 54000.35 21.302 0.063 56933.33 20.245 0.011  0 
  4260  25.147903  0.175055 1.5636 56569.20 20.698 0.014 54424.24 19.611 0.030  0 
  4271  25.202623 -0.583585 1.3839 56544.34 22.365 0.068 52872.40 19.944 0.032  0 
  4292  25.293364  0.518643 1.8751 56569.20 21.660 0.023 51136.21 20.427 0.028  0 
  4294  25.312796 -0.511552 1.9782 53272.40 21.563 0.066 56544.34 20.339 0.015  0 
  4298  25.351046  1.051797 1.0634 53996.38 20.708 0.038 51818.34 19.297 0.018  0 
  4306  25.392473 -0.780160 0.8609 56931.33 20.373 0.012 51081.00 19.120 0.011  0 
  4310  25.400991  0.419039 0.4921 52558.39 21.346 0.040 51133.21 19.516 0.024  0 
  4311  25.401672 -0.172158 0.4050 52224.29 18.953 0.021 54009.33 17.453 0.017  0 
  4312  25.402151 -8.646474 1.3431 57015.12 20.415 0.011 51814.43 19.357 0.029  0 
  4317  25.441757  0.952593 1.6349 51081.36 20.780 0.039 53694.31 19.513 0.046  0 
  4320  25.460903  0.131723 1.3417 51081.36 20.359 0.026 52551.36 19.347 0.036  0 
  4325  25.492256 -0.130862 1.5129 56569.20 21.829 0.027 52552.40 20.469 0.028  0 
  4334  25.545029 -0.983766 0.7973 51075.37 20.890 0.037 52170.00 19.800 0.018  0 
  4335  25.553598 -0.414843 1.1293 54424.24 20.441 0.055 53312.27 19.328 0.027  0 
  4383  25.788420 -0.891914 1.0251 52934.29 20.334 0.040 54000.36 19.308 0.029  0 
  4410  26.000172 -0.202970 1.0282 54405.37 21.693 0.098 51818.34 20.450 0.025  0 
  4411  26.005056  0.382407 1.0960 51133.22 20.923 0.057 52908.36 19.592 0.025  0 
  4416  26.044149  0.646708 0.5551 53319.27 21.450 0.076 56568.25 20.157 0.011  0 
  4437  26.148123  0.025438 1.9241 54382.38 20.846 0.043 51819.43 19.789 0.025  0 
  4473  26.381519  0.416508 1.0844 53312.28 21.172 0.118 54402.39 19.520 0.031  1 
  4479  26.428244  0.887499 0.3890 52963.22 20.318 0.032 52288.09 19.118 0.027  0 
  4488  26.481615 -1.092090 0.6804 56931.33 20.661 0.014 51819.43 19.595 0.027  0 
  4520  26.689930 -0.308314 0.3978 52585.23 19.652 0.025 56931.33 18.641 0.007  0 
  4544  26.883211 -0.338745 0.5542 52971.21 19.757 0.018 56569.19 18.674 0.007  0 
  4551  26.933525 -0.042596 1.0389 54007.41 21.824 0.068 52912.34 20.127 0.025  0 
  4555  26.987434 -1.226497 0.4836 52288.09 19.672 0.025 56932.34 18.643 0.008  0 
  4567  27.069717 -0.806353 0.5259 51081.36 20.249 0.022 57399.06 18.979 0.007  0 
  4581  27.167093  0.206759 1.4973 56568.25 20.525 0.012 51818.35 19.293 0.012  0 
  4584  27.208469  0.503782 0.8795 56592.13 21.823 0.032 52225.26 20.033 0.024  0 
  4593  27.272036 -1.234717 2.1000 51081.36 21.366 0.074 53664.35 20.366 0.083  0 
  4596  27.287165  0.948718 1.4947 53640.35 20.713 0.031 51081.00 19.547 0.013  0 
  4609  27.362350 -0.298655 0.3705 53351.14 20.872 0.035 51081.36 19.464 0.019  0 
  4610  27.370579 -0.697582 1.9755 53700.30 21.530 0.085 52225.26 20.470 0.030  0 
  4614  27.381479 -0.352694 1.3791 54387.40 21.240 0.082 52288.09 20.027 0.027  0 
  4660  27.658543  1.106358 1.7942 54386.40 21.232 0.064 56932.33 20.226 0.011  0 
  4661  27.658991 -0.479984 1.7286 56569.19 21.534 0.024 53657.35 20.350 0.081  0 
  4672  27.753197  0.943032 0.4917 52558.40 20.009 0.030 56568.25 18.780 0.007  0 
  4674  27.774166 -0.574012 0.3352 56569.19 20.496 0.012 53294.38 18.777 0.031  1 
  4675  27.775541  0.361659 1.6076 51134.22 21.301 0.041 53693.31 20.249 0.054  0 
  4683  27.861044 -0.319737 1.2676 56933.33 21.288 0.020 53664.35 20.139 0.080  0 
  4690  27.900824 -0.996357 1.6555 51075.38 21.615 0.056 53657.35 20.337 0.105  0 
  4696  27.966501  1.003110 2.5090 52551.36 20.331 0.051 54056.32 19.123 0.022  0 
  4708  28.039080 -0.954665 2.2365 56932.34 21.445 0.024 51133.22 20.226 0.037  0 
  4732  28.179789  0.344346 0.5776 52231.28 21.024 0.043 52908.36 19.585 0.025  1 
  4734  28.180847  0.330816 1.2907 52557.39 21.567 0.051 52173.31 20.537 0.037  0 
  4746  28.238464 -0.430079 2.2369 54011.40 21.515 0.040 51075.00 20.377 0.023  0 
  4747  28.244452  1.085399 0.6473 56592.14 20.067 0.011 52261.21 19.044 0.091  0 
  4751  28.281698  0.643364 0.5165 56933.33 20.360 0.012 53657.35 19.091 0.029  0 
  4754  28.289022  0.501925 1.4236 54424.25 21.113 0.085 57258.37 19.501 0.009  0 
  4757  28.305027  0.798751 2.0387 53686.31 20.826 0.144 56569.20 19.749 0.008  0 
  4763  28.328474  0.771544 1.6629 54381.41 21.069 0.039 53270.35 20.055 0.028  0 
  4766  28.336718 -0.315371 1.0142 54362.41 21.459 0.042 51136.21 20.443 0.025  0 
  4776  28.382730  0.381345 1.3674 53272.40 20.770 0.035 56933.33 19.764 0.009  0 
  4780  28.398460  1.064868 1.6176 56933.33 22.094 0.040 53319.27 19.767 0.067  0 
  4788  28.450769  0.848096 1.4167 53996.38 22.201 0.093 51133.22 20.363 0.039  1 
  4799  28.501835  0.780107 1.6461 54392.40 21.268 0.054 52557.39 20.130 0.027  0 
  4815  28.601864 -0.795229 0.7671 56545.38 19.506 0.008 52971.21 18.500 0.015  0 
  4829  28.703907  0.345215 1.7777 57399.06 21.195 0.018 53294.38 19.994 0.032  0 
  4831  28.714228  0.992428 0.3853 54424.25 20.557 0.055 51819.44 19.060 0.024  0 
  4840  28.751135  0.830979 0.8264 51075.38 20.797 0.030 52557.39 19.504 0.021  2 
  4846  28.784899 -0.487624 1.7308 56591.15 21.325 0.025 52261.22 20.294 0.021  0 
  4871  28.965540 -0.118201 0.3632 57399.06 20.171 0.010 52282.14 18.976 0.024  0 
  4876  28.985527 -0.835582 0.4672 57399.06 20.279 0.010 54391.41 19.012 0.014  0 
  4878  29.000988  1.097858 1.2868 53989.39 21.147 0.111 51075.38 20.086 0.031  0 
  4888  29.062941  0.980357 0.7800 56592.14 21.063 0.021 51081.37 19.776 0.019  0 
  4892  29.090122  0.313957 1.2957 56568.25 20.221 0.010 53637.35 18.929 0.013  0 
  4899  29.139858  0.963650 0.6039 57258.37 21.576 0.025 52910.37 20.058 0.025  0 
  4900  29.139902  0.512743 1.0148 56545.38 20.324 0.010 51819.44 19.166 0.024  1 
  4924  29.255795 -0.380014 1.8981 51132.23 20.908 0.038 53351.15 19.504 0.025  0 
  4930  29.282434 -1.211612 0.7675 51081.37 20.243 0.023 52576.23 18.889 0.028  0 
  4938  29.323917  0.685666 0.3894 52872.41 20.497 0.033 54412.34 19.154 0.027  0 
  4943  29.360403 -0.206136 1.1687 57399.06 21.945 0.032 51136.22 20.571 0.032  1 
  4950  29.437014 -1.085300 1.6637 54024.42 21.392 0.084 51136.22 20.167 0.024  0 
  4959  29.509346 -0.375037 2.0952 56568.29 21.674 0.027 52288.10 20.076 0.024  0 
  4968  29.544914  0.244701 2.1414 52173.32 20.840 0.042 56592.13 19.777 0.009  0 
  4977  29.594572 -0.689716 1.9387 57399.06 21.139 0.017 51819.00 20.059 0.021  0 
  4981  29.604118 -1.212223 1.0205 56568.29 21.297 0.021 51819.44 20.137 0.036  0 
  5000  29.690758 -0.360724 0.5646 57258.37 20.635 0.013 51081.37 19.414 0.019  0 
  5003  29.714050 -0.819395 2.8538 56568.29 21.524 0.025 54047.36 20.456 0.141  1 
  5005  29.724861 -9.492409 1.4531 57011.15 19.994 0.009 51813.38 18.892 0.015  0 
  5015  29.770111 -0.848319 2.1133 54348.40 21.524 0.071 56568.29 20.197 0.011  0 
  5020  29.812460  0.997170 1.7894 52288.10 20.976 0.039 54359.39 19.913 0.024  0 
  5040  29.943600  1.251058 1.3574 57397.07 20.804 0.016 51075.00 19.681 0.015  0 
  5047  29.990187  0.552900 0.3117 54424.26 20.292 0.049 51819.44 19.123 0.026  0 
  5055  30.043072  0.744029 1.6645 53693.31 21.191 0.142 52173.32 20.156 0.033  0 
  5061  30.089582  1.108214 0.7305 53272.41 21.206 0.052 51075.00 20.119 0.020  0 
  5066  30.100496  0.093224 0.3936 52963.23 20.788 0.028 52522.40 19.393 0.018  0 
  5142  30.529646  1.030874 0.7596 56931.34 21.128 0.018 52640.09 19.992 0.028  0 
  5155  30.591688  1.099203 0.5013 57397.07 20.460 0.013 52287.10 18.504 0.024  0 
  5160  30.643007  0.050485 0.3664 51081.37 20.497 0.027 54030.34 18.420 0.012  2 
  5200  30.818211 -7.808941 3.3020 57257.35 20.467 0.014 51866.18 19.446 0.025  0 
  5205  30.833002  0.377993 1.0660 53314.29 20.346 0.039 56594.15 19.232 0.008  0 
  5207  30.848330 -0.383135 1.3257 56569.29 21.054 0.015 54424.26 19.912 0.037  0 
  5209  30.862436  0.628997 1.5840 57397.07 21.267 0.023 51081.00 19.860 0.017  2 
  5212  30.868124  0.706177 2.1725 57397.07 21.054 0.020 53628.36 19.996 0.035  0 
  5213  30.874420 -9.172351 1.5795 57257.35 19.437 0.009 51875.14 18.325 0.029  0 
  5221  30.917574 -0.377354 1.9239 53351.15 21.458 0.056 53694.33 20.237 0.072  0 
  5235  31.012808  0.414699 0.4351 56931.34 21.062 0.017 52552.42 19.935 0.024  0 
  5245  31.057507  0.974751 0.7480 53697.31 21.571 0.097 51819.44 20.139 0.026  0 
  5256  31.131657 -8.481920 0.7492 57257.35 20.101 0.011 51813.39 18.603 0.014  1 
  5282  31.280951 -1.204134 1.6117 51819.44 20.284 0.033 53351.15 18.890 0.023  2 
  5288  31.319763  0.252991 1.5976 53673.31 20.808 0.026 56594.15 19.666 0.009  0 
  5289  31.323181  0.721210 0.6064 56592.14 20.066 0.011 52557.39 18.983 0.022  0 
  5290  31.334728  0.486629 1.8814 54424.26 20.906 0.089 51081.00 19.833 0.017  0 
  5296  31.349524 -0.277685 0.6461 56959.27 21.051 0.017 53351.25 19.949 0.030  0 
  5301  31.391384 -0.889337 1.4276 53693.32 21.003 0.133 52173.32 19.994 0.024  0 
  5303  31.404722  0.445640 1.5136 56594.15 22.259 0.051 52288.10 20.042 0.027  0 
  5319  31.530293  0.233896 1.4922 53272.41 21.176 0.051 51134.23 20.132 0.019  0 
  5343  31.679871  1.190756 1.3569 56592.14 21.091 0.020 57397.07 19.783 0.010  2 
  5344  31.681337  0.396497 1.2231 56592.14 21.852 0.036 52912.35 20.325 0.024  0 
  5380  31.863008  0.482645 1.1794 51819.44 20.967 0.041 54020.35 19.707 0.023  0 
  5385  31.912668  1.208840 0.7281 56933.28 20.550 0.013 53693.32 19.384 0.028  0 
  5391  31.958605  0.068806 3.0067 56592.14 21.470 0.028 53694.33 20.347 0.069  1 
  5392  31.974476  0.383994 1.1122 54025.41 21.352 0.049 52170.41 20.311 0.024  0 
  5396  31.982340  1.199844 2.0700 55101.43 21.548 0.049 53665.33 20.173 0.049  0 
  5403  32.052696  0.698838 0.6935 56933.28 21.708 0.033 53626.37 20.235 0.025  0 
  5409  32.098083  0.747268 0.4942 54348.41 21.216 0.057 53686.32 20.199 0.060  0 
  5422  32.160042  0.127103 1.6182 51081.37 21.888 0.121 54068.31 20.747 0.095  0 
  5429  32.207958  0.596265 2.6528 57397.07 20.041 0.011 53622.41 19.018 0.010  0 
  5432  32.217476 -8.222501 0.4497 53710.25 19.680 0.025 56933.28 18.391 0.008  0 
  5448  32.316380 -0.008622 1.9378 57397.07 21.242 0.022 52287.11 20.037 0.025  0 
  5460  32.374332 -0.934066 0.4270 52552.42 20.869 0.076 56569.21 19.758 0.009  0 
  5487  32.534420 -0.442450 1.0665 51075.39 20.241 0.028 52872.42 19.163 0.019  0 
  5500  32.616421 -0.946659 1.4197 51133.23 21.115 0.041 53294.39 19.761 0.022  0 
  5501  32.638847 -0.926122 2.3835 54412.35 21.692 0.073 51134.23 20.329 0.022  0 
  5510  32.693645 -0.724206 0.3864 52971.23 20.502 0.032 51136.23 18.685 0.021  0 
  5512  32.718292 -1.253492 1.5296 54053.34 20.726 0.041 57007.14 19.437 0.008  0 
  5521  32.779854  0.088296 1.3328 57007.13 21.573 0.021 51875.19 20.533 0.032  0 
  5523  32.788635  0.940993 1.1135 52963.23 21.104 0.038 54068.31 19.959 0.046  0 
  5538  32.844971  0.782051 2.4797 52552.42 21.299 0.066 57397.07 20.174 0.012  0 
  5553  32.935829 -9.503303 0.4018 57360.19 21.037 0.021 51813.39 19.956 0.032  0 
  5577  33.085884 -0.787767 1.4905 56568.29 20.886 0.015 54047.37 19.684 0.072  0 
  5579  33.099819 -0.857225 2.1256 53666.42 20.886 0.071 56959.27 19.736 0.008  0 
  5605  33.206165  0.580188 1.2133 53646.43 21.255 0.063 52576.25 20.068 0.038  0 
  5617  33.248295 -0.508194 0.3944 55090.41 19.479 0.023 51133.24 17.691 0.016  1 
  5621  33.265530  0.641260 1.8801 56951.25 21.152 0.018 51075.00 19.826 0.018  0 
  5626  33.293049 -0.605666 1.5604 57007.13 19.992 0.009 52908.38 18.952 0.022  0 
  5629  33.306572  0.881946 1.1839 54040.34 21.229 0.079 51819.45 20.219 0.034  0 
  5665  33.478958 -8.177785 1.9336 57312.21 21.239 0.025 51874.16 20.217 0.031  0 
  5667  33.482105  0.826052 3.3603 54386.41 21.235 0.061 56951.25 20.155 0.011  0 
  5669  33.499138  0.707441 0.1823 56567.29 18.872 0.007 51818.36 17.337 0.013  1 
  5676  33.573505 -1.090239 1.1779 52971.23 21.711 0.071 54424.27 20.394 0.066  1 
  5688  33.597023  0.476986 1.1175 56951.25 21.657 0.026 53684.33 20.490 0.096  2 
  5691  33.613167 -0.305464 1.3989 55090.41 20.403 0.028 52963.24 19.291 0.029  0 
  5697  33.644638  0.369280 1.5521 51075.39 20.504 0.030 53669.43 19.498 0.019  0 
  5698  33.644939 -0.711841 0.4366 57390.11 20.033 0.009 53622.42 18.852 0.009  0 
  5713  33.732018  0.692112 0.5944 57007.13 21.419 0.021 51818.36 20.413 0.025  0 
  5723  33.792789 -0.611235 1.5366 55090.41 21.052 0.043 53312.30 19.932 0.036  0 
  5726  33.801357 -0.172459 0.8539 56544.37 20.999 0.020 54404.39 19.941 0.101  0 
  5734  33.833752 -0.035856 1.6366 51075.00 20.567 0.028 56594.15 19.504 0.008  0 
  5738  33.870949 -0.887474 1.3686 51075.40 21.122 0.063 56544.37 19.676 0.009  0 
  5759  34.004627  0.624245 0.8624 52207.38 20.322 0.030 53994.42 19.196 0.021  0 
  5761  34.021442 -1.031947 1.3767 53663.35 20.835 0.081 56568.29 19.794 0.010  0 
  5779  34.090302 -1.056633 1.8939 53670.43 21.449 0.107 56953.30 19.834 0.010  0 
  5781  34.092667  0.100911 1.8238 53351.16 21.108 0.054 56604.25 19.822 0.008  0 
  5784  34.119770 -0.334302 1.0867 53694.34 21.102 0.149 54047.37 20.017 0.096  0 
  5796  34.198086 -1.228191 0.4201 56953.30 18.814 0.007 53668.42 17.768 0.008  0 
  5804  34.261089 -8.347877 0.6065 51868.29 20.393 0.027 53710.26 18.923 0.020  1 
  5817  34.337406 -0.223301 1.6238 53634.37 21.252 0.144 52522.41 20.027 0.022  0 
  5818  34.347324  0.452975 0.8111 52935.32 21.193 0.056 55090.41 20.157 0.026  1 
  5822  34.363670  0.334013 1.2009 53657.37 20.249 0.062 51075.00 19.205 0.011  0 
  5830  34.389595  0.769822 1.9500 54412.35 21.527 0.048 51134.24 20.523 0.024  1 
  5841  34.469799  0.256009 1.1805 57390.11 22.433 0.051 52173.33 20.078 0.023  0 
  5847  34.500446 -9.674387 0.4414 53710.26 20.788 0.038 51935.14 19.248 0.021  1 
  5849  34.515202 -0.048114 1.3495 53272.42 22.193 0.119 52234.27 20.216 0.026  0 
  5852  34.524364 -0.079783 0.5192 56951.25 21.005 0.017 52170.42 19.675 0.018  0 
  5880  34.752415 -0.169399 2.3447 57390.11 22.297 0.042 54405.39 21.241 0.062  0 
  5883  34.771477  0.562854 1.6921 53351.16 21.680 0.062 56627.19 20.052 0.009  1 
  5890  34.844669 -0.378239 2.3957 54362.42 22.350 0.073 57390.11 21.338 0.020  0 
  5895  34.889126 -0.452783 2.6326 54392.42 22.294 0.113 56604.25 21.217 0.017  0 
  5900  34.904095  1.145025 0.9004 53272.42 21.291 0.044 55090.41 19.804 0.026  0 
  5904  34.918396 -0.472527 1.1556 52908.38 20.758 0.031 53675.32 19.538 0.013  0 
  5918  34.971004 -0.742839 0.6855 54357.37 20.264 0.037 51081.38 18.829 0.016  0 
  5919  34.971779 -1.138262 1.1371 56953.30 20.474 0.014 52578.29 19.365 0.020  0 
  5921  34.977367 -0.051293 1.7826 51818.37 20.870 0.033 56953.30 19.473 0.008  0 
  5926  34.998577  0.296300 0.9559 54406.33 21.041 0.040 51134.24 19.952 0.023  0 
  5932  35.060745 -7.483139 0.2135 51868.29 18.993 0.025 57312.21 17.129 0.009  1 
  5979  35.374584  0.530508 0.8630 51136.23 21.013 0.036 54424.27 19.910 0.035  0 
  5982  35.405991 -0.970857 1.6183 57370.16 23.015 0.083 54769.36 21.020 0.036  0 
  5988  35.441051 -1.264080 0.7479 52963.24 21.205 0.040 54770.35 20.195 0.022  0 
  6004  35.536377 -1.207704 2.6308 54382.41 22.277 0.145 51081.38 21.231 0.050  0 
  6007  35.559948 -0.295926 0.7734 54059.33 21.504 0.057 51136.23 19.636 0.022  0 
  6016  35.595036 -0.129346 1.0530 53665.34 21.246 0.093 51134.24 19.933 0.022  0 
  6020  35.613697 -1.212825 1.7858 54770.35 20.403 0.022 51875.20 19.316 0.026  0 
  6030  35.667587 -0.152620 2.0703 52234.27 22.418 0.115 53666.43 21.085 0.087  0 
  6037  35.717758 -0.161795 0.8222 53670.35 22.076 0.113 51818.37 20.057 0.021  2 
  6062  35.850876  0.547747 0.5961 56953.30 22.182 0.052 51132.25 21.021 0.046  0 
  6064  35.854187 -0.603514 0.4778 52912.36 20.149 0.078 53668.35 18.670 0.011  0 
  6076  35.938038 -0.813094 1.3693 56953.30 21.551 0.026 53351.17 20.108 0.029  0 
  6102  36.065231 -0.641260 2.1481 52288.12 22.179 0.103 53975.40 21.179 0.052  0 
  6116  36.133446  0.280294 0.5667 53637.37 20.744 0.108 57373.15 19.555 0.009  0 
  6127  36.203556 -0.777486 2.1892 51132.25 21.841 0.080 53670.43 20.470 0.047  0 
  6128  36.204288 -0.659856 0.5439 56594.17 22.230 0.051 52910.39 20.173 0.032  0 
  6133  36.242821 -0.599847 1.3876 52557.41 21.925 0.070 56953.30 20.056 0.010  0 
  6138  36.268295 -0.400922 1.4411 56931.36 20.506 0.012 51133.24 19.350 0.019  0 
  6141  36.283070 -0.592481 0.6846 52224.32 19.642 0.022 52934.32 18.624 0.015  2 
  6154  36.362560 -1.004250 1.9218 51818.37 20.813 0.046 56594.17 19.749 0.009  0 
  6160  36.387943  0.052323 2.2563 56931.36 22.943 0.071 52963.24 20.639 0.026  0 
  6161  36.390728 -0.237103 1.5172 56931.36 21.906 0.030 52225.28 20.296 0.035  0 
  6180  36.483658  0.507418 0.5042 56931.36 21.272 0.020 52522.42 19.977 0.029  0 
  6197  36.530396 -1.163175 1.0897 53663.44 20.674 0.099 57370.16 19.645 0.008  0 
  6198  36.531898 -0.760313 0.5736 52576.25 20.768 0.035 51132.25 19.737 0.024  0 
  6200  36.551720  0.567298 0.4234 51138.23 20.910 0.035 54424.27 19.491 0.033  0 
  6203  36.567055  0.059120 0.8817 54061.35 21.623 0.103 51078.39 20.488 0.023  0 
  6205  36.582066 -7.691196 1.6297 54466.18 21.855 0.078 56930.27 19.549 0.008  0 
  6215  36.672703  1.083219 2.4285 51818.37 22.840 0.136 54025.42 21.217 0.057  0 
  6223  36.711388  0.100943 1.1105 51078.40 21.101 0.037 57370.16 19.884 0.010  2 
  6224  36.717678 -0.654585 0.6252 56594.17 22.436 0.064 52288.12 20.324 0.031  0 
  6229  36.730377  1.117010 2.7868 56654.12 21.751 0.022 52283.10 20.183 0.036  0 
  6241  36.758839  0.462338 2.3904 56654.12 22.324 0.037 51136.24 20.773 0.036  0 
  6250  36.803917 -0.621776 1.6710 54011.42 21.569 0.047 51136.24 20.392 0.027  0 
  6252  36.838558 -1.079415 0.6184 52935.32 21.011 0.050 51819.46 19.363 0.049  0 
  6253  36.840931  0.426606 2.5045 54365.41 22.534 0.082 51132.25 21.316 0.050  0 
  6283  37.055321 -0.731320 1.6654 53351.17 21.686 0.071 54047.38 20.159 0.102  0 
  6285  37.066593 -1.110158 0.3187 54770.36 20.148 0.029 51132.25 19.029 0.030  0 
  6294  37.116211 -1.179433 1.1394 54030.39 20.006 0.026 51132.25 18.998 0.030  2 
  6300  37.156700  0.502861 1.0149 51819.46 20.263 0.032 56951.31 18.906 0.008  0 
  6301  37.157742  0.370954 0.6234 51133.25 20.669 0.033 52936.31 19.570 0.023  0 
  6326  37.285751  0.652254 1.2090 56924.30 21.531 0.023 53319.30 20.257 0.036  0 
  6341  37.378811 -0.145940 0.6088 56951.31 20.758 0.016 52552.44 19.132 0.024  1 
  6342  37.380085 -1.040036 1.6228 53989.41 20.565 0.061 51818.37 19.502 0.022  0 
  6358  37.505047  0.129124 1.3407 53351.17 20.734 0.028 54010.36 19.513 0.015  0 
  6365  37.561649  1.180461 1.5239 53663.36 21.188 0.111 56654.12 20.144 0.009  0 
  6366  37.567879 -0.691312 0.8121 54030.39 21.123 0.034 51138.23 20.061 0.021  0 
  6367  37.567890  1.051497 2.5316 54007.44 22.427 0.122 52872.43 21.317 0.135  0 
  6372  37.604298 -0.828921 0.6535 53687.28 20.277 0.086 56924.29 18.930 0.007  0 
  6376  37.626575 -0.753860 0.5033 57370.16 22.123 0.035 52640.11 20.279 0.038  0 
  6401  37.772560  0.358947 1.8151 57370.17 21.467 0.021 52224.32 20.232 0.022  0 
  6416  37.870773  1.213931 0.6013 51075.41 21.483 0.051 54346.42 19.714 0.054  0 
  6421  37.888676 -0.294467 1.0343 51078.40 21.142 0.039 52225.29 20.093 0.023  0 
  6422  37.905930  0.618338 0.5582 52640.11 21.075 0.044 57370.17 19.734 0.009  0 
  6426  37.932732 -1.027791 1.0227 53286.40 21.335 0.063 52171.36 20.231 0.081  0 
  6440  37.991192  0.453410 1.3743 52971.24 19.841 0.023 54387.43 18.776 0.020  0 
  6450  38.050621  1.092743 1.2959 56924.30 21.828 0.030 54403.34 20.109 0.117  0 
  6462  38.125923  0.777682 2.0653 56627.19 22.692 0.057 51133.25 20.325 0.034  0 
  6476  38.193687  0.278511 2.0550 52283.11 20.362 0.052 53687.39 19.272 0.067  0 
  6479  38.222607 -8.475590 0.2652 56951.33 19.562 0.009 54466.18 18.363 0.011  0 
  6498  38.307583 -0.204292 0.8072 57370.17 20.068 0.010 51136.24 18.952 0.023  2 
  6502  38.330532  1.133768 1.5066 51138.24 20.810 0.037 54715.45 19.754 0.026  0 
  6520  38.461823 -1.088383 1.4060 52963.25 20.800 0.030 54387.43 19.780 0.022  0 
  6525  38.489914 -0.667491 0.4934 56924.29 21.776 0.024 52971.24 20.540 0.038  2 
  6532  38.508114  0.393895 2.1068 57370.17 21.578 0.022 52287.12 20.270 0.027  0 
  6536  38.535648 -0.458286 0.8402 53657.38 21.005 0.124 52171.37 19.947 0.022  0 
  6544  38.595257  0.170620 1.9928 54376.43 21.993 0.089 51875.21 20.163 0.023  0 
  6549  38.625355  0.786449 2.1178 51075.41 21.773 0.062 52170.43 20.494 0.035  0 
  6568  38.787102  0.860234 1.3725 51136.24 20.202 0.023 53684.34 19.081 0.028  0 
  6602  39.002056  1.187074 1.8100 53319.30 20.760 0.039 56594.16 19.735 0.009  0 
  6606  39.022282 -0.297788 1.4036 56545.38 21.727 0.024 51875.00 20.444 0.027  0 
  6619  39.146107  0.028890 1.4543 56545.38 21.716 0.022 52640.11 20.255 0.026  0 
  6622  39.148712 -0.534319 1.3592 54346.42 21.328 0.105 51874.23 20.165 0.029  0 
  6623  39.150719 -0.554951 1.5249 56953.31 21.993 0.040 51075.41 20.458 0.026  0 
  6626  39.185097 -1.248004 1.4175 54376.43 20.822 0.042 51136.24 19.803 0.026  0 
  6644  39.292133 -0.842135 0.6841 56545.38 21.818 0.024 52283.11 20.531 0.069  0 
  6667  39.427868 -0.129976 1.6676 56594.17 20.887 0.019 52287.13 19.858 0.027  0 
  6670  39.452152  1.177206 1.5459 54346.42 21.243 0.095 56627.20 20.206 0.010  0 
  6687  39.558964  0.328169 1.6023 56594.16 22.165 0.047 51075.41 20.131 0.023  0 
  6688  39.566353 -0.336739 1.2498 57367.18 21.804 0.031 52640.12 20.341 0.028  0 
  6702  39.662254  0.723609 1.2162 53286.40 21.367 0.053 56904.37 19.734 0.010  0 
  6709  39.752445  0.344980 2.1620 57370.17 20.913 0.016 54412.37 19.887 0.023  0 
  6720  39.820232  0.864952 0.5373 52640.12 20.900 0.040 56654.13 19.781 0.009  0 
  6724  39.838268  1.107781 1.9613 54715.46 20.415 0.033 53673.33 18.875 0.009  0 
  6734  39.862789  1.008118 1.3049 56654.13 18.933 0.008 51081.00 17.931 0.006  0 
  6787  40.195236 -0.223588 1.1021 54061.36 21.360 0.079 51875.21 19.972 0.029  0 
  6788  40.199654  0.744463 1.1891 56594.16 20.225 0.011 52170.43 19.141 0.029  0 
  6794  40.222198  0.185794 1.0117 53351.18 20.841 0.036 56930.29 19.283 0.008  0 
  6796  40.232548 -8.331474 1.8013 51875.16 20.946 0.042 57361.21 19.675 0.009  0 
  6797  40.235409  0.486775 2.1828 52288.13 20.572 0.030 56654.13 19.489 0.008  0 
  6803  40.271080 -0.859079 1.7859 53683.40 20.695 0.040 52872.44 19.543 0.029  0 
  6863  40.647648  0.768087 1.2164 52557.42 20.848 0.031 54348.43 19.684 0.024  0 
  6868  40.670670  0.364116 0.6325 52234.29 20.239 0.034 51818.38 18.832 0.017  0 
  6871  40.676712  0.670960 2.7497 54381.44 21.560 0.045 51075.00 20.479 0.024  0 
  6876  40.712582  0.169708 1.8884 56904.37 21.386 0.021 51875.21 19.854 0.018  0 
  6877  40.727753 -7.368239 1.2166 51463.41 19.889 0.030 56904.36 18.423 0.007  0 
  6882  40.751904 -0.508397 1.0177 57367.18 20.861 0.015 51874.24 19.755 0.029  0 
  6886  40.777824 -0.425400 1.2766 57367.18 20.997 0.017 52283.12 19.271 0.026  0 
  6887  40.778465  0.205393 2.0966 51081.00 20.104 0.025 56627.19 18.997 0.007  0 
  6900  40.870262  0.642006 2.7534 51134.25 21.544 0.146 56904.37 20.490 0.012  0 
  6910  40.920753 -0.433687 0.2679 53294.41 20.311 0.068 57367.18 19.198 0.006  0 
  6933  41.102627 -0.205515 1.5410 51874.24 21.221 0.054 56631.18 19.931 0.033  0 
  6954  41.221886 -1.215672 2.0817 54049.39 20.933 0.075 52288.13 19.864 0.026  0 
  6956  41.231030 -1.250149 1.5389 54769.37 21.287 0.047 57361.20 20.081 0.009  0 
  6962  41.268631  0.478146 1.4731 54028.44 20.756 0.034 52971.25 19.656 0.032  0 
  6972  41.308372 -0.593213 1.0036 52283.12 20.255 0.036 56627.21 19.226 0.006  0 
  6978  41.331882 -0.853615 1.5454 51075.42 20.269 0.026 52912.38 19.137 0.022  0 
  6983  41.367599  0.796487 0.9578 54742.34 20.849 0.031 53693.34 19.632 0.039  0 
  6990  41.390282 -0.129178 0.6538 51075.42 19.610 0.020 56654.14 18.180 0.004  0 
  7002  41.458179 -0.014414 1.2900 51134.25 20.933 0.028 52908.40 19.835 0.021  0 
  7005  41.480331 -0.123054 1.6570 56545.38 20.900 0.012 52908.40 19.781 0.021  0 
  7027  41.635605  0.091385 1.2966 52640.12 20.422 0.025 56654.14 19.260 0.007  0 
  7030  41.642075 -8.426707 1.6856 51464.42 18.306 0.018 56951.34 16.890 0.006  0 
  7033  41.658100 -0.684809 0.8586 56930.29 20.697 0.012 51136.25 19.508 0.019  0 
  7036  41.666187 -0.043653 2.3320 51133.26 21.376 0.130 56545.38 20.135 0.008  0 
  7067  41.864738 -0.178205 0.3392 56654.14 20.191 0.008 51075.42 19.130 0.018  0 
  7070  41.912983 -0.872553 2.1376 52934.33 21.340 0.052 54769.38 20.026 0.023  1 
  7072  41.924355  1.226469 0.5396 56627.19 21.362 0.019 51133.26 18.981 0.033  0 
  7100  42.129509 -0.840481 0.8837 53294.42 20.912 0.097 51819.47 19.662 0.037  0 
  7103  42.156437  1.188685 0.8088 56627.19 22.079 0.036 54358.39 19.843 0.028  0 
  7109  42.228378  0.181636 1.1457 52288.13 20.166 0.026 54047.40 18.943 0.031  2 
  7121  42.327644  0.096713 1.9645 52558.44 20.789 0.027 54068.34 19.623 0.044  0 
  7124  42.346699 -0.910485 0.9561 54769.38 20.898 0.032 53683.40 19.620 0.026  1 
  7125  42.346867  0.731408 1.1796 56973.13 22.027 0.026 51134.26 20.513 0.024  0 
  7136  42.394142 -8.461896 0.5208 56953.34 20.681 0.014 51463.41 19.588 0.017  0 
  7139  42.414909 -0.199406 1.2931 54012.45 21.670 0.062 52171.38 20.662 0.031  0 
  7140  42.414913  0.116744 0.5641 56654.14 20.707 0.011 52584.34 19.683 0.024  0 
  7172  42.675049  0.328267 1.1781 51818.39 20.707 0.032 54346.43 19.685 0.026  0 
  7177  42.704205 -0.322994 1.7970 56654.14 21.692 0.029 51819.47 20.416 0.032  0 
  7194  42.814556  0.526433 1.9814 53684.35 21.570 0.137 52578.31 20.546 0.026  1 
  7195  42.815098 -0.851407 1.2696 56545.38 21.492 0.019 52553.42 20.008 0.028  0 
  7204  42.902054  1.006806 1.4638 52584.34 21.062 0.053 56904.37 19.484 0.008  0 
  7205  42.916595 -1.035584 1.6249 54392.44 20.875 0.042 52553.42 19.835 0.040  0 
  7223  43.024536  0.284936 1.4480 56654.14 22.219 0.043 51818.39 20.652 0.027  0 
  7242  43.140835  0.727958 1.9653 54409.36 21.071 0.030 51818.39 19.986 0.021  0 
  7250  43.205700 -7.113605 1.6011 56569.28 21.236 0.017 51935.17 19.426 0.017  0 
  7253  43.225044  0.975556 1.2979 54424.29 21.924 0.136 51819.48 20.345 0.029  0 
  7261  43.258167  0.014824 1.0959 54391.45 21.664 0.149 51081.40 20.151 0.029  2 
  7274  43.328865  0.266484 1.3735 54381.45 21.409 0.051 51075.00 19.998 0.017  0 
  7293  43.483646  0.182605 1.6992 53627.40 20.307 0.020 51081.41 19.302 0.034  0 
  7299  43.522743 -0.897818 1.0020 54406.35 21.375 0.059 56933.32 20.261 0.011  0 
  7313  43.635525 -0.705580 0.4340 54385.45 19.668 0.019 52910.41 18.001 0.018  0 
  7314  43.647579  0.089792 1.0305 56592.17 21.538 0.033 52910.41 20.448 0.037  0 
  7322  43.773670  0.423045 0.3535 56654.13 20.277 0.010 51075.00 17.723 0.005  0 
  7325  43.793972 -0.120304 1.6862 56654.14 21.298 0.022 51874.25 19.601 0.022  0 
  7327  43.800682 -0.873523 0.8014 53294.42 20.485 0.075 51075.00 19.033 0.011  2 
  7332  43.812901  0.627931 1.0228 56904.37 22.460 0.045 53634.39 19.521 0.031  1 
  7333  43.813801 -8.376673 0.8412 56951.35 20.871 0.016 51463.42 19.731 0.027  0 
  7340  43.859661 -0.540881 2.0260 53675.34 21.238 0.043 56904.37 20.157 0.009  0 
  7345  43.898724 -6.596113 1.3562 54847.21 21.771 0.064 51465.43 20.048 0.034 -1 
  7348  43.910648 -0.772562 1.5049 51078.42 21.497 0.052 52173.43 20.396 0.029  0 
  7369  44.010696  0.882058 0.5317 54062.36 20.150 0.022 53674.34 18.994 0.010  0 
  7383  44.058571  0.661408 0.9139 56654.13 19.812 0.008 53668.37 18.594 0.010  2 
  7384  44.058678 -0.979443 1.3267 54406.35 20.895 0.042 52936.33 19.818 0.026  2 
  7385  44.058701  0.686575 1.0333 54742.35 21.315 0.042 51075.00 20.183 0.020  0 
  7388  44.077156 -0.153045 0.6182 52552.46 20.913 0.034 54403.36 19.630 0.026  0 
  7389  44.079247 -0.750380 0.7227 56592.19 19.707 0.010 51081.41 17.888 0.017  0 
  7398  44.146118 -1.190305 0.5288 51136.26 21.305 0.044 53643.44 19.807 0.022  0 
  7406  44.211441  0.226254 1.3560 56924.31 21.994 0.031 52287.14 20.582 0.035  0 
  7423  44.303154 -0.714968 1.5716 56904.37 22.697 0.057 53975.42 19.674 0.024  0 
  7425  44.304478 -1.032732 1.8688 54381.45 20.302 0.030 51134.26 19.264 0.021  0 
  7431  44.343540 -7.948914 1.0696 51874.19 20.848 0.042 56904.36 19.375 0.008  1 
  7433  44.351746 -0.039204 0.7577 56904.37 21.521 0.023 52261.26 20.276 0.026  0 
  7434  44.354507  0.020655 1.2465 54382.43 21.437 0.061 51081.41 19.977 0.022  0 
  7435  44.357395  0.245595 1.6181 54011.45 21.735 0.041 56924.31 20.137 0.010  0 
  7441  44.398129  0.801858 1.1918 51075.42 21.344 0.050 54403.36 19.991 0.030  0 
  7461  44.536736  0.537215 0.6630 54424.30 21.072 0.072 51078.42 19.593 0.018  0 
  7462  44.538666 -6.785049 1.5139 56904.36 21.329 0.021 51464.43 20.322 0.027  0 
  7490  44.725956  1.026652 1.2580 56904.37 21.781 0.030 52288.14 20.053 0.058  0 
  7494  44.755394  0.206202 1.5833 54385.45 21.210 0.054 52173.43 19.978 0.030  0 
  7495  44.770306 -0.921104 0.7484 54388.45 22.048 0.086 52173.36 20.602 0.034  0 
  7503  44.831310 -7.381238 0.5354 51874.19 21.779 0.104 56904.36 20.212 0.012  1 
  7512  44.886456 -0.214183 1.0660 52971.26 21.783 0.080 51078.42 20.589 0.027  0 
  7516  44.899223 -0.150772 1.2975 54403.36 21.020 0.074 51133.27 19.530 0.020  0 
  7523  44.921059 -1.010900 1.5817 52908.41 21.299 0.047 53687.41 20.217 0.108  0 
  7525  44.926788  0.027271 2.2035 52173.43 21.188 0.107 52551.41 20.168 0.034  0 
  7529  44.954323  0.789813 1.5617 51818.40 21.026 0.035 54000.41 19.906 0.020  0 
  7549  45.047749 -0.626694 1.2814 53989.43 21.419 0.125 52234.30 20.237 0.029  0 
  7550  45.049683  0.590977 0.4203 56904.37 20.274 0.011 51078.42 19.199 0.016  0 
  7574  45.189484  0.359180 1.4969 52171.38 19.970 0.024 53270.40 18.962 0.013  0 
  7586  45.218246 -1.161228 1.0601 53697.35 21.591 0.102 52910.42 20.005 0.035  0 
  7598  45.266735  0.064001 1.4093 56904.37 21.418 0.024 52288.14 20.348 0.028  0 
100445 316.457428  0.851930 2.7442 52053.45 21.363 0.079 52931.10 19.231 0.015 -1 
100453 316.638702  1.227243 0.4231 52936.09 20.978 0.030 53628.15 19.916 0.060 -1 
100457 316.774597  0.741942 0.9262 54741.10 19.970 0.021 52197.15 18.824 0.014 -1 
100527 317.647980  0.382060 0.4437 53288.14 20.901 0.037 53974.18 19.433 0.014 -1 
100549 317.947449  0.013905 0.7364 52172.26 19.864 0.029 54357.16 18.753 0.022 -1 
100550 317.964264  0.966478 3.9531 51465.16 22.389 0.127 56943.05 21.189 0.019 -1 
100566 318.178680 -0.110893 0.6072 56943.05 20.142 0.010 52197.16 19.033 0.014 -1 
100613 318.824188 -0.524004 1.4525 56943.05 20.215 0.011 52075.35 19.125 0.014 -1 
100616 318.897278 -0.801023 1.3828 56943.07 21.460 0.021 53697.11 20.305 0.119 -1 
100628 319.059418 -0.176778 1.3814 51464.18 19.116 0.016 52929.12 18.097 0.016 -1 
100672 319.572510  0.221333 0.4629 54029.14 20.484 0.022 53243.29 18.429 0.012 -1 
100679 319.681946 -0.356118 1.3683 56536.14 21.871 0.034 52930.11 20.498 0.024 -1 
100695 319.832306  0.164168 1.8738 54062.13 21.303 0.072 51465.16 20.263 0.023  0 
100702 319.919708 -0.471095 0.8787 56538.13 19.895 0.010 51464.00 18.809 0.009  0 
100717 320.102295  0.125891 1.0246 51819.25 21.146 0.046 53697.12 20.010 0.087  0 
100745 320.515930  0.188682 0.2289 51819.25 19.866 0.021 53664.17 18.505 0.010  0 
100768 320.726868  0.742729 1.2663 52197.21 21.123 0.035 54373.20 19.724 0.032  0 
100778 320.825043  1.178686 1.1749 54359.11 20.537 0.027 52075.35 19.390 0.021  0 
100784 320.900085  0.937872 4.3028 52930.11 22.927 0.132 56536.14 21.855 0.033  0 
100844 321.529205 -0.390105 1.0531 53975.19 21.450 0.045 56943.07 20.335 0.011  0 
100869 321.805145 -0.149386 0.8409 56943.07 20.186 0.010 52197.17 19.011 0.016  0 
100901 322.180939  0.409900 0.3466 51464.18 20.106 0.024 56543.08 19.086 0.008  0 
100977 323.188538  0.029569 0.2341 53313.11 19.313 0.018 51465.17 18.271 0.023  0 
101014 323.813019  0.453572 1.1293 52552.21 20.311 0.023 56559.04 19.151 0.009  0 
101081 324.555634 -0.761074 0.8009 53679.18 21.083 0.064 52558.22 19.899 0.143  0 
101131 325.076508 -0.156337 1.4616 52557.21 21.252 0.047 54381.22 20.235 0.030  0 
101155 325.276978  0.792590 2.4594 53288.16 20.371 0.057 56536.15 19.366 0.008  0 
101159 325.294647 -0.841789 1.4579 52929.14 21.078 0.036 56559.04 19.843 0.010  1 
101176 325.377563 -0.280329 1.2779 56559.04 21.664 0.022 51819.00 19.857 0.017  0 
101196 325.577179 -0.145506 0.9259 53260.27 21.380 0.048 52144.22 19.917 0.018  0 
101203 325.605408  0.278699 1.2576 54019.18 21.073 0.045 51459.23 19.730 0.021  0 
101231 325.777527 -0.703165 0.9432 53260.27 20.854 0.039 56543.13 19.813 0.010  0 
101274 326.163910  0.602422 2.5354 51467.25 20.997 0.046 54365.18 19.605 0.027  0 
101277 326.189301  0.150668 1.2566 56547.18 18.912 0.007 52144.23 17.744 0.014  0 
101283 326.225861 -0.238845 1.6877 56559.04 21.953 0.027 52172.28 20.771 0.029  0 
101293 326.315002  0.498038 0.7996 56943.06 20.809 0.013 51467.00 19.712 0.022  0 
101297 326.342773 -0.409736 2.5617 56559.04 21.509 0.021 54365.18 20.505 0.051  0 
101311 326.477234 -0.943689 1.4558 56543.12 21.294 0.021 51464.00 20.027 0.020  0 
101313 326.495148 -0.282258 1.1659 51819.26 20.569 0.027 54059.14 19.549 0.019  0 
101324 326.555450  0.158562 0.6212 52931.13 21.578 0.047 56543.12 20.206 0.011  1 
101364 326.913910 -0.983627 1.2611 54788.10 20.920 0.039 53302.16 19.837 0.034  0 
101384 327.092712  1.204916 1.2487 54009.17 21.601 0.078 51464.00 20.045 0.019  0 
101394 327.206757  0.834306 2.0570 51467.25 21.473 0.067 56538.18 20.313 0.011  0 
101395 327.218750 -0.098529 0.8112 53312.11 21.703 0.099 56559.04 20.214 0.010  0 
101423 327.470001  1.095863 1.4546 51459.24 21.806 0.131 52936.12 20.300 0.021  0 
101430 327.531128  0.433757 1.4264 54385.24 21.752 0.061 51819.27 20.287 0.024  0 
101435 327.550964 -0.534935 0.5355 56543.12 22.002 0.040 52197.23 20.565 0.029  0 
101439 327.562744 -0.892074 1.9024 54406.14 20.412 0.025 56545.05 19.276 0.008  0 
101440 327.573608  0.332158 1.0996 53314.12 21.539 0.060 56543.13 20.345 0.011  0 
101459 327.722992  0.504284 2.0795 56559.04 20.911 0.015 52576.14 19.878 0.027  0 
101527 328.393372  0.011318 1.3728 56559.04 21.709 0.027 51467.00 20.313 0.031  0 
101554 328.577057  0.348350 1.2733 51464.00 20.807 0.030 56543.13 19.798 0.009  0 
101575 328.674805  0.168894 1.1574 51467.00 21.367 0.072 54402.23 19.692 0.038  2 
101586 328.816437 -0.672166 1.5842 56545.05 22.505 0.069 52516.27 20.706 0.039  0 
101589 328.837677 -0.896735 2.6177 52197.23 21.050 0.041 53628.18 20.039 0.076  0 
101615 329.042999  0.298117 0.5246 56559.04 22.600 0.050 52197.23 20.455 0.026  0 
101644 329.299377 -0.573948 0.9060 54011.24 21.241 0.091 51459.24 20.202 0.031  0 
101663 329.456940  0.666023 0.4717 52934.13 21.216 0.042 56559.04 19.168 0.008  0 
101668 329.493378 -0.125251 0.9055 56540.07 20.122 0.010 51459.24 19.045 0.016  0 
101682 329.656250  0.281470 1.0746 51459.24 20.517 0.039 52936.13 19.489 0.018  0 
101690 329.718658 -0.503728 1.0648 54356.25 21.917 0.071 52231.12 20.655 0.031  0 
101704 329.820892  0.232384 0.4913 54403.15 21.053 0.042 51464.00 19.995 0.016  0 
101720 329.934692  0.091061 0.9367 56543.14 21.549 0.024 51819.27 19.419 0.016  0 
101735 330.014435  0.892329 1.5388 52931.14 20.891 0.029 56559.04 19.671 0.008  0 
101741 330.071381  0.052201 0.3737 56546.18 20.452 0.012 54056.16 19.192 0.022  0 
101742 330.072388 -0.026108 0.6119 54051.15 20.596 0.074 52197.23 19.544 0.019  2 
101761 330.242065 -0.236879 0.7605 54057.13 21.239 0.042 51467.00 19.706 0.022  0 
101798 330.509949 -0.856665 0.8321 51819.27 20.908 0.054 53670.17 19.707 0.017  0 
101799 330.517334 -0.345473 1.5727 51467.30 20.796 0.050 54387.24 19.656 0.017  0 
101817 330.662354  0.336077 1.0344 53272.24 20.771 0.063 54007.18 19.724 0.025  0 
101869 331.006989  0.632581 1.0912 52231.12 20.264 0.022 53975.22 19.162 0.017  0 
101880 331.058197 -1.241805 1.6475 56540.07 20.483 0.014 54769.18 19.429 0.018  0 
101901 331.210205  0.875077 1.2532 53687.19 21.028 0.123 52931.14 19.762 0.017  0 
101902 331.231110 -0.585377 1.7736 56538.20 22.120 0.045 52144.24 20.610 0.038  0 
101911 331.298370  0.421585 1.5329 54387.25 21.383 0.055 51464.00 20.249 0.019  0 
101951 331.631714 -0.666905 1.2425 53664.20 21.329 0.137 54365.20 20.102 0.047  0 
101961 331.663605  0.451122 1.7788 54040.17 20.873 0.101 51819.28 19.435 0.016  0 
101967 331.735657 -0.805582 0.6014 53996.23 20.460 0.022 52172.29 19.257 0.018  0 
101990 331.868561  0.614528 1.0119 54010.18 21.252 0.068 52172.00 20.210 0.021  0 
102024 332.115936  1.216271 1.4735 52231.12 20.656 0.028 54373.31 19.324 0.029  0 
102044 332.216522 -1.101055 0.3518 56538.20 18.940 0.009 53313.14 17.900 0.024  0 
102060 332.284363 -0.933026 0.5297 56538.20 20.495 0.014 51459.25 18.694 0.045  2 
102062 332.290680 -0.455876 0.5389 52231.12 20.990 0.038 54365.23 19.362 0.022  0 
102096 332.593781  0.038476 1.3850 54010.18 20.845 0.043 51467.00 19.712 0.020  0 
102121 332.747162 -1.059957 1.4577 54385.25 21.638 0.079 56543.14 20.463 0.012  0 
102159 333.013336  0.044172 1.1806 54392.25 21.444 0.056 51819.28 20.246 0.027  0 
102166 333.043396 -1.071273 1.7648 52552.24 21.495 0.075 54040.17 20.381 0.070  0 
102169 333.087860 -0.400379 1.6712 54010.18 21.549 0.082 51819.28 20.517 0.030  0 
102170 333.098633 -0.538158 2.0614 53288.18 21.390 0.049 51459.25 20.116 0.026  0 
102197 333.260712  0.504423 0.7614 54387.25 22.216 0.111 51467.31 20.078 0.029  0 
102204 333.300354 -0.623784 2.0633 56543.14 22.082 0.039 52197.24 20.376 0.024  0 
102219 333.397827  0.472249 1.2891 54392.25 21.852 0.088 51467.00 20.170 0.030  0 
102257 333.645111  0.323310 1.0277 54412.16 21.644 0.057 51459.25 20.442 0.034  0 
102258 333.647736 -1.103772 1.4619 55090.30 22.016 0.069 53622.25 20.620 0.048  1 
102276 333.759094 -1.149279 1.5506 52935.15 21.978 0.073 56543.14 20.555 0.013  0 
102287 333.893768  0.356651 1.5056 51464.22 20.203 0.020 54412.16 19.154 0.022  0 
102295 333.967255 -0.354870 1.4593 52558.25 20.462 0.026 51819.28 19.439 0.022  0 
102310 334.080231 -0.408459 0.8793 53687.20 20.367 0.072 52172.30 19.299 0.018  0 
102331 334.313263  0.437519 0.7532 54376.26 21.042 0.049 51819.29 19.977 0.026  0 
102342 334.413483  0.484564 1.6459 56543.14 21.518 0.021 51819.29 19.728 0.025  0 
102371 334.608948  0.003581 0.4284 53313.14 21.418 0.069 51467.31 19.615 0.021  0 
102373 334.631622 -0.763604 1.2250 56543.14 20.604 0.014 52516.28 19.554 0.026  0 
102383 334.752716  0.136714 1.4152 51467.31 20.797 0.045 53697.16 19.534 0.025  0 
102429 335.102448  1.158688 0.2122 54741.15 17.490 0.018 53673.15 16.441 0.003  0 
102454 335.275238 -0.928243 2.3176 56558.05 21.413 0.022 51459.26 20.228 0.052  0 
102460 335.315796 -0.168176 0.9728 56546.24 21.664 0.030 52197.25 20.434 0.029  0 
102461 335.317413 -1.007212 1.7256 51459.26 20.883 0.065 53312.14 19.640 0.025  0 
102484 335.507202 -0.330203 1.7622 51467.31 21.300 0.080 53664.21 19.939 0.041  0 
102503 335.644379  0.236157 1.9604 53686.23 20.357 0.111 56540.08 19.334 0.009  0 
102505 335.649384  0.260090 1.3617 53637.20 21.119 0.054 56540.08 19.995 0.010  1 
102637 336.659576 -0.149684 1.0781 53989.24 21.081 0.075 51464.22 19.878 0.025  0 
102645 336.693909  0.869811 2.2576 54385.26 22.625 0.132 56559.04 21.347 0.020  1 
102659 336.805145 -0.844851 1.5063 54382.25 21.554 0.092 56543.15 20.130 0.010  1 
102666 336.840881 -0.510758 1.8746 53637.21 21.664 0.095 52231.14 20.661 0.034  1 
102672 336.871094  0.089428 1.5133 52935.16 19.988 0.023 52172.31 18.973 0.021  2 
102674 336.886230  0.299143 0.7102 51459.26 20.194 0.027 53616.25 19.109 0.012  0 
102679 336.905731 -0.480953 1.7316 57334.02 21.382 0.021 54356.27 19.944 0.022  0 
102714 337.151001 -0.534159 1.0336 56944.07 21.060 0.022 51459.26 19.297 0.017  0 
102730 337.278625  0.443104 0.7569 54357.21 20.504 0.027 53313.15 19.452 0.018  0 
102735 337.319824  0.488776 0.5758 51467.32 21.096 0.067 53313.15 19.668 0.019  0 
102737 337.326050 -0.667668 1.1639 57334.02 21.079 0.017 53697.17 20.018 0.028  0 
102746 337.372742  1.077335 1.4447 54742.16 22.086 0.079 51459.26 20.909 0.047  0 
102753 337.447815  0.943821 0.6489 54392.26 20.831 0.035 52172.31 19.658 0.020  0 
102771 337.615997 -0.884379 0.4876 53314.14 20.738 0.036 51459.26 19.632 0.022  0 
102773 337.622131 -0.987602 1.6783 54388.26 20.044 0.023 51075.24 18.694 0.016  0 
102774 337.623138 -0.258728 1.4411 52172.31 20.860 0.033 54357.22 19.847 0.023  0 
102778 337.661102 -0.518979 1.3242 53989.25 21.562 0.123 51464.23 20.450 0.028  0 
102793 337.845520 -0.105117 0.5500 52936.15 20.041 0.020 53656.19 18.976 0.027  0 
102797 337.891235  0.553549 0.4758 56559.04 21.314 0.018 52935.16 19.545 0.022  0 
102801 337.942413 -0.462662 1.5341 54382.26 20.266 0.028 53270.21 19.263 0.018  0 
102831 338.186646  0.252611 0.5662 52578.14 21.430 0.044 56540.10 19.071 0.009  0 
102838 338.247894  0.316119 1.0553 53702.16 20.800 0.053 52231.14 19.617 0.020  0 
102870 338.460724 -0.432515 1.3112 56545.07 21.146 0.022 53302.19 19.952 0.047  0 
102881 338.543762  0.702795 0.7834 53286.24 21.113 0.044 56540.10 19.873 0.013  0 
102903 338.752136 -0.827977 0.6416 52172.36 20.509 0.033 53655.19 19.164 0.022  0 
102915 338.840057 -1.195828 1.7877 52552.25 20.052 0.027 53313.15 18.983 0.031  0 
102971 339.253113  0.222921 0.8554 56545.08 20.591 0.014 52231.14 19.553 0.024  0 
102989 339.392303  1.176336 0.5233 56545.08 22.447 0.056 51075.24 20.397 0.031  1 
103006 339.596924 -0.952284 0.3611 56545.08 18.549 0.007 51459.27 17.498 0.016  0 
103020 339.684601 -0.948711 1.3575 52231.14 20.654 0.034 52929.18 19.509 0.027  0 
103059 340.047791 -1.246840 1.4506 52552.26 20.385 0.033 56544.10 19.356 0.009  0 
103064 340.072021 -1.245235 0.5018 51467.33 21.123 0.068 57334.03 19.856 0.009  0 
103076 340.159912 -0.993476 2.1747 54386.27 20.957 0.037 57331.04 19.919 0.011  0 
103135 340.627441 -0.133564 0.8998 51075.25 20.860 0.036 53686.24 19.654 0.064  0 
103153 340.716858  0.393894 1.1306 51819.30 20.914 0.037 53702.17 19.535 0.023  0 
103154 340.730133 -1.156901 1.0382 52552.26 20.337 0.028 56575.12 19.289 0.007  0 
103158 340.759094  0.299147 1.1960 52578.15 20.670 0.026 54373.33 19.475 0.043  0 
103159 340.767059 -1.162913 1.0472 52172.37 20.102 0.027 54385.27 18.944 0.017  0 
103170 340.883026 -0.209156 2.0511 57329.05 20.088 0.010 51459.27 19.017 0.015  1 
103180 340.951294  0.577176 1.7560 54040.19 20.810 0.096 56952.09 19.757 0.009  0 
103202 341.139862  0.126524 1.5434 56543.15 21.855 0.027 54385.27 19.797 0.020  0 
103230 341.385529  0.982757 0.6494 56952.09 20.753 0.015 51467.33 19.691 0.025  2 
103242 341.462341  0.859851 0.9116 56951.08 20.835 0.016 51819.30 19.355 0.018  0 
103288 341.837860 -0.136674 0.4951 57329.05 21.976 0.041 51459.28 20.311 0.032  0 
103339 342.250610 -1.070712 1.6631 54040.20 21.116 0.124 57327.05 20.088 0.011  0 
103345 342.345612 -1.129405 3.9899 56951.13 21.709 0.029 53685.18 20.674 0.131  0 
103347 342.350067  0.797351 1.3500 57329.05 22.363 0.052 54404.20 20.026 0.019  2 
103390 342.708771 -1.068545 0.7756 54769.21 20.265 0.026 52577.16 19.187 0.018  0 
103393 342.722076 -0.393278 3.0851 56543.15 22.053 0.033 53975.25 20.791 0.034  0 
103424 343.054993 -0.384505 1.5013 57327.05 21.415 0.025 51819.31 20.194 0.024  0 
103433 343.097473  1.132555 1.5478 54386.27 20.695 0.026 56537.19 19.525 0.009  0 
103439 343.168243  1.166306 0.5336 56951.13 21.375 0.024 53704.17 19.974 0.019  0 
103446 343.211395  0.071759 1.0085 56952.14 20.907 0.015 52931.18 19.391 0.019  0 
103448 343.218506 -0.092388 0.8753 56951.13 20.369 0.013 52197.27 19.342 0.023  0 
103466 343.412903 -0.413186 0.5696 56563.07 19.346 0.008 53313.17 18.336 0.024  1 
103482 343.573944 -0.533541 1.0613 51464.24 20.028 0.024 56953.11 18.937 0.008  2 
103520 343.892090 -0.004761 1.9117 56563.07 21.223 0.023 51075.26 20.030 0.023  0 
103540 344.095093 -0.302753 1.0482 56563.07 21.181 0.023 51467.00 20.133 0.028  0 
103564 344.298279  0.472045 1.8655 53697.18 21.628 0.111 51819.31 20.233 0.024  0 
103583 344.488434 -0.435656 0.2509 51467.34 20.019 0.027 56563.07 18.597 0.007  0 
103594 344.567841 -0.434121 1.0823 53997.36 21.135 0.060 51819.31 20.111 0.029  0 
103598 344.587494  0.268151 0.5717 56546.25 20.981 0.015 53302.21 19.968 0.054  0 
103626 344.825684 -0.020002 1.3427 52253.15 20.240 0.034 56543.15 18.937 0.007  0 
103643 344.947266  0.509160 1.6810 54035.29 21.674 0.089 51467.00 19.884 0.022  1 
103646 344.957458 -0.070555 1.4150 54011.28 21.834 0.135 51464.25 20.311 0.032  0 
103654 345.025970  0.572726 1.2334 57329.05 21.197 0.023 52935.18 19.711 0.023  0 
103658 345.043121  0.943873 1.5499 52577.17 20.383 0.035 54392.28 19.101 0.020  0 
103671 345.091919  0.716739 0.4414 52557.27 19.124 0.032 56537.19 17.912 0.006  0 
103683 345.188293  0.399007 1.4573 52231.16 20.522 0.024 54025.28 19.355 0.022  0 
103688 345.207428  0.175392 1.8405 53313.17 21.993 0.099 54362.29 19.949 0.031  0 
103696 345.276703 -0.385269 1.7802 51819.32 20.553 0.034 52586.17 19.455 0.018  0 
103717 345.468414  1.024476 1.7933 54028.21 21.156 0.038 51819.32 20.133 0.021  0 
103721 345.505035  0.513113 1.3443 54402.28 21.242 0.120 57334.04 19.937 0.009  0 
103722 345.505676  0.248983 1.6803 54403.20 20.971 0.067 51464.25 19.824 0.027  0 
103723 345.529144  0.411235 1.5905 56544.10 21.136 0.025 51075.26 19.716 0.023  0 
103770 345.849152 -0.418257 1.2320 54365.27 21.844 0.118 57327.05 20.450 0.012  0 
103771 345.853333  0.685316 1.8047 57334.04 20.353 0.010 51075.26 19.216 0.018  0 
103778 345.959656 -0.893524 0.8565 56537.23 21.441 0.025 51464.25 20.049 0.025  0 
103779 345.976166 -0.069037 1.0379 56543.16 21.309 0.020 53272.29 20.146 0.043  0 
103787 346.067108  0.312942 0.5327 51464.25 19.613 0.024 54000.25 18.438 0.014  0 
103794 346.116119 -0.134247 0.5260 56545.28 21.132 0.017 53704.17 19.888 0.017  0 
103796 346.149719  0.500423 2.0109 51467.34 21.035 0.055 53694.21 19.985 0.079  0 
103827 346.435608  0.894014 1.5026 53671.28 20.335 0.027 51819.32 19.183 0.021  0 
103832 346.453217 -1.142356 1.3872 56546.26 21.367 0.023 54769.22 19.710 0.018  0 
103890 346.966248 -0.504529 0.4604 57332.03 20.378 0.012 51075.00 18.947 0.010  0 
103895 347.044830 -0.024867 1.0490 57332.03 21.713 0.026 51075.27 20.495 0.029  0 
103896 347.045685 -0.005948 1.1682 53350.07 21.457 0.064 56543.16 20.196 0.011  0 
103900 347.091431  0.337266 1.2923 54365.27 21.626 0.086 52225.13 20.300 0.023  0 
103928 347.284088  0.392776 1.8160 52934.18 21.023 0.071 54358.24 19.824 0.024  0 
103945 347.483368 -0.044366 1.7119 57332.03 20.349 0.009 52911.26 19.106 0.020  0 
103975 347.747070  0.473134 1.0747 56545.29 21.215 0.019 53350.07 19.969 0.025  0 
103976 347.758301  0.469315 1.6722 51467.35 20.081 0.028 53350.07 19.038 0.020  0 
103978 347.765930  0.122797 0.9093 57332.03 21.421 0.021 51819.32 20.296 0.025  0 
103987 347.837921  0.859395 0.4833 52586.18 20.509 0.028 51819.32 18.997 0.018  0 
103991 347.850250  0.812308 0.6946 52225.13 20.789 0.037 53656.21 19.740 0.046  0 
103997 347.886108  0.555895 1.0097 53697.19 20.192 0.056 52552.28 19.140 0.020  0 
104005 347.940704 -1.117341 1.3504 52552.28 20.853 0.039 53352.08 19.791 0.022  0 
104025 348.044830  0.457749 1.3626 57332.03 21.852 0.031 52552.28 20.457 0.028  0 
104028 348.083130 -0.124578 0.5886 52929.20 20.814 0.043 51075.00 19.652 0.016  0 
104029 348.093170 -1.156907 1.4309 56546.26 22.166 0.038 52558.29 21.114 0.050  1 
104039 348.173126  1.212847 1.4954 52911.26 21.133 0.045 54382.28 20.092 0.041  0 
104044 348.188416  1.088529 0.5705 53314.17 21.630 0.057 52557.28 20.354 0.029  0 
104063 348.302002  0.153527 1.3782 54037.20 21.344 0.061 52522.29 19.899 0.023  0 
104094 348.618927 -1.225543 1.5532 57327.05 21.451 0.025 51467.35 20.157 0.032  0 
104098 348.647736  1.027468 0.8471 52959.13 20.792 0.027 53996.27 19.775 0.016  0 
104100 348.652557  0.568309 1.6267 56545.28 20.845 0.016 53694.21 19.667 0.055  0 
104107 348.689545 -1.126568 1.1027 54010.23 20.612 0.042 52522.29 19.431 0.021  0 
104134 348.923584  0.493484 1.3425 52963.11 21.791 0.055 56537.24 20.284 0.012  1 
104139 348.951660 -0.506321 1.5359 56563.07 21.218 0.023 53974.27 20.089 0.022  0 
104141 348.970642  1.235035 0.5214 56618.05 21.387 0.020 51464.26 19.971 0.029  0 
104145 349.053650  0.599580 2.2322 56540.12 20.941 0.020 54376.31 19.904 0.028  0 
104150 349.105804 -0.373741 0.2975 57327.05 19.949 0.010 52577.18 18.760 0.020  0 
104178 349.313812  0.780624 1.5350 54365.28 21.641 0.113 51464.26 20.608 0.036  0 
104184 349.359161 -0.787935 1.9974 56537.24 21.470 0.027 51467.00 20.413 0.038  0 
104196 349.427856  1.240341 0.5180 54742.19 21.051 0.036 52253.16 19.386 0.021  0 
104226 349.744019 -0.847129 3.2090 51467.35 21.099 0.098 56618.05 19.740 0.008  0 
104230 349.799683 -0.315802 2.3023 53313.19 20.914 0.085 56543.17 19.874 0.009  0 
104288 350.320496  0.865826 1.5785 57332.03 22.237 0.055 52963.12 20.280 0.022  0 
104289 350.324463  0.545017 1.3877 52522.29 21.169 0.052 56544.11 20.074 0.011  0 
104316 350.519836  1.165526 1.7872 51464.26 20.402 0.032 53272.30 19.294 0.040  0 
104321 350.534149 -1.017335 1.5432 53272.30 21.198 0.096 56537.25 20.183 0.010  0 
104323 350.549377  0.696262 2.1392 56546.26 21.337 0.020 52557.28 20.142 0.025  0 
104325 350.557098 -0.893365 1.6658 53270.25 21.313 0.061 51075.28 19.965 0.021  0 
104343 350.723053  0.929024 1.0654 54385.30 20.917 0.034 56545.29 19.785 0.009  0 
104347 350.730408 -0.930324 0.7533 56618.05 21.245 0.018 51075.00 20.114 0.025  0 
104351 350.754608 -0.264329 1.5768 54062.21 19.814 0.032 51467.35 18.654 0.021  0 
104354 350.769745  1.138671 0.5308 56546.25 20.289 0.011 54029.23 19.145 0.022  0 
104374 350.923065  0.456666 0.6295 56543.17 21.798 0.029 51467.00 20.716 0.055  0 
104376 350.933319 -1.010411 1.2458 53294.26 20.944 0.046 51075.28 19.777 0.020  0 
104393 351.070129  0.234531 1.1208 53974.28 21.714 0.046 52196.28 20.656 0.032  0 
104397 351.098724 -0.389078 1.0765 53636.25 21.586 0.139 51467.36 20.379 0.034  0 
104410 351.143555 -1.229213 0.7300 54392.30 21.105 0.048 53694.22 20.014 0.077  0 
104422 351.201538  0.610015 1.1207 51081.26 19.363 0.026 54059.21 18.253 0.019  1 
104435 351.302856 -0.474678 1.6046 52934.19 20.724 0.036 56543.17 19.706 0.008  0 
104440 351.316498  0.780506 3.1214 53294.26 20.902 0.049 56618.05 19.736 0.009  0 
104446 351.351685 -0.776239 1.0818 56543.17 21.514 0.023 51819.33 20.060 0.024  0 
104456 351.400970  0.319045 1.2052 53989.28 20.801 0.062 51075.00 19.049 0.010  0 
104465 351.443726  0.297126 0.5138 54404.27 21.010 0.056 52225.14 19.688 0.028  0 
104474 351.487335 -0.083341 1.4082 52578.18 19.488 0.021 57334.04 18.479 0.006  0 
104489 351.613403  0.921808 1.5813 51819.33 21.165 0.044 53655.23 20.014 0.060  0 
104493 351.637085 -0.057402 1.2751 54373.36 21.176 0.140 51075.28 20.036 0.022  0 
104496 351.644592  0.363794 1.2571 56618.04 21.621 0.026 51464.27 20.292 0.031  0 
104500 351.658813 -0.090179 1.0306 52908.26 21.738 0.081 54019.25 20.449 0.058  0 
104517 351.773560 -0.113484 0.9558 52578.18 20.821 0.029 54029.23 19.717 0.021  0 
104532 351.815369  0.763060 1.9382 57332.04 21.337 0.026 54029.23 20.089 0.021  0 
104547 351.927826  0.114975 0.8835 51467.36 20.649 0.037 52910.27 19.350 0.018  0 
104549 351.932190  0.476946 0.5237 52935.20 20.668 0.030 57332.04 19.476 0.008  0 
104559 351.991455 -0.349682 1.0688 51819.33 20.318 0.024 57327.06 19.104 0.007  0 
104562 352.000824 -1.195536 1.4169 51467.36 20.796 0.049 56537.25 19.690 0.008  1 
104573 352.096619  0.893451 1.7928 57332.04 21.792 0.037 54402.30 20.377 0.061  1 
104582 352.158508 -0.887126 1.5531 57327.06 21.946 0.030 51464.27 19.883 0.032  0 
104602 352.356140 -0.690625 1.3971 57327.06 20.452 0.011 53313.19 19.301 0.028  0 
104612 352.425812 -0.071837 2.0505 51464.27 20.589 0.035 54373.36 19.398 0.042  0 
104616 352.473022  0.851844 0.5020 53622.30 21.097 0.054 51819.34 19.688 0.019  0 
104619 352.527740 -1.045931 1.8796 53628.25 20.996 0.121 57327.06 19.962 0.009  0 
104635 352.621552  0.629621 0.5354 56545.28 19.835 0.008 51081.00 18.660 0.009  0 
104639 352.657135 -0.567022 1.2541 53314.18 21.139 0.043 52225.14 20.054 0.023  0 
104703 353.083496 -0.343883 1.2414 51081.00 20.841 0.045 53685.21 19.839 0.098  0 
104707 353.109253 -0.385450 1.1764 56958.16 21.236 0.020 52522.30 19.692 0.022  0 
104714 353.122467  1.053567 1.7054 51081.00 20.066 0.024 54000.27 18.895 0.022  0 
104723 353.191803  0.703653 1.2222 57332.04 21.167 0.023 53286.28 20.027 0.027  0 
104724 353.193695  0.897976 1.2772 52558.30 21.219 0.044 53694.23 20.093 0.079  0 
104741 353.322449 -0.384302 0.5129 52963.12 21.819 0.056 54402.30 19.717 0.036  0 
104759 353.443878  0.254265 2.0494 57334.05 20.963 0.015 52557.29 19.937 0.025  0 
104760 353.445984 -0.193479 1.4307 53668.23 21.055 0.051 52231.18 19.949 0.021  0 
104762 353.497314  0.915624 1.7043 51467.36 20.019 0.034 53975.28 18.983 0.018  0 
104773 353.589905 -0.953675 2.4434 53294.26 20.945 0.095 51134.12 19.870 0.075  0 
104788 353.688507 -0.377332 1.5454 52586.20 21.131 0.046 54024.32 19.952 0.029  0 
104791 353.703552  0.077545 1.7960 51467.36 20.584 0.041 56958.16 19.399 0.008  0 
104814 353.814240 -0.872696 1.2939 56618.05 20.669 0.012 52196.28 19.343 0.024  2 
104817 353.824280 -0.824179 0.6704 56618.05 21.159 0.017 54040.23 19.454 0.031  0 
104821 353.843658  0.645125 1.4818 54386.30 20.659 0.027 53270.26 19.587 0.031  0 
104844 353.977997 -0.530180 1.8999 57334.05 21.282 0.017 54412.22 20.022 0.031  0 
104845 353.980927 -1.192202 0.4774 54049.26 20.420 0.056 51081.27 19.157 0.019  0 
104851 354.038849 -0.421107 1.7414 57334.05 21.718 0.023 53302.23 20.325 0.059  0 
104901 354.306335  0.125100 1.3446 53681.26 21.037 0.036 57334.05 19.950 0.009  0 
104906 354.325531 -0.906990 1.1246 56546.28 20.902 0.013 52911.28 19.822 0.033  0 
104909 354.379272 -0.646419 1.9031 53636.26 21.454 0.143 51081.27 19.803 0.048  0 
104934 354.568451  0.841625 0.1829 52558.31 19.171 0.018 56537.24 17.840 0.006  0 
104936 354.585968  0.118496 1.1999 56537.24 21.592 0.027 51819.34 20.361 0.027  0 
104941 354.626068  0.417162 0.4637 57334.05 21.284 0.018 51075.29 20.053 0.023  0 
104944 354.644226  0.890257 1.6187 56543.17 21.185 0.019 53679.26 20.063 0.022  0 
104946 354.654175 -0.688442 1.3541 51819.34 21.473 0.059 56537.25 19.580 0.008  0 
104963 354.722717 -1.022071 1.4875 56546.28 21.685 0.024 52962.12 19.901 0.031  1 
104983 354.901123 -0.895248 1.8400 51134.13 21.455 0.074 52196.29 20.454 0.032  0 
105004 355.052429  0.513063 1.8923 53636.26 21.015 0.091 52931.21 19.999 0.022  0 
105009 355.078949 -0.158287 1.7542 54405.28 21.792 0.093 51075.29 20.455 0.028  0 
105043 355.288818 -0.692418 1.7191 51081.27 20.883 0.049 54402.31 19.750 0.040  0 
105054 355.363617  1.187460 1.5863 51075.00 21.636 0.067 52962.09 20.266 0.030  0 
105058 355.380768 -0.844412 1.0248 52557.30 20.502 0.038 53294.27 19.466 0.024  0 
105061 355.412476  1.098424 0.4924 56563.08 22.385 0.058 52196.29 21.280 0.045  0 
105066 355.426361  0.553472 0.9861 54024.33 21.603 0.070 51467.37 19.482 0.025  2 
105071 355.440918 -0.659620 0.7203 56953.20 20.661 0.016 52552.30 19.490 0.031  0 
105077 355.480286 -0.371315 1.0001 56546.28 20.876 0.014 54012.24 19.868 0.036  0 
105125 355.780762  0.648536 0.6660 57333.04 21.501 0.020 52197.30 19.690 0.025  0 
105132 355.846802 -0.317216 1.7303 56537.25 20.742 0.015 54392.31 19.551 0.026  0 
105167 356.097107 -0.351337 2.1459 54392.31 20.985 0.048 57332.07 19.702 0.010  0 
105168 356.098999 -0.663986 2.5349 54385.31 21.740 0.055 51081.27 20.201 0.031  0 
105223 356.515503 -0.546972 0.5981 52231.19 21.998 0.073 53693.22 20.831 0.089  0 
105226 356.537476  0.459286 1.5463 56543.18 21.303 0.018 53313.20 20.213 0.033  0 
105235 356.597595  1.155030 0.5089 51075.29 21.263 0.047 57333.04 19.367 0.007  0 
105246 356.689911 -0.983069 4.0219 53974.30 22.766 0.145 52231.19 21.613 0.056  0 
105311 357.098999  0.099859 1.0102 51081.28 21.004 0.060 53622.31 19.972 0.019  0 
105316 357.129089  1.177128 1.7064 52911.29 21.159 0.044 51075.29 20.109 0.023  1 
105320 357.142181  0.888925 1.5998 53975.29 21.280 0.043 51467.37 20.251 0.030  0 
105330 357.229370  0.427537 1.2752 54010.25 21.417 0.063 51075.29 19.213 0.018  0 
105363 357.477844 -0.002669 1.3945 52231.19 20.971 0.038 57333.05 19.666 0.008  0 
105383 357.577789 -0.116274 1.3646 53616.30 21.216 0.057 52930.17 19.863 0.030  2 
105397 357.667053  0.433036 1.0625 57333.05 21.206 0.018 51467.37 19.294 0.021  0 
105403 357.711395 -0.480153 0.4406 53997.27 20.977 0.042 53270.27 19.574 0.018  2 
105424 357.828278  0.432424 1.0633 56543.18 21.419 0.022 51467.37 19.961 0.027  0 
105437 357.895721 -1.192802 0.5215 56546.30 20.791 0.013 52959.16 19.782 0.029  0 
105445 357.953979  0.538337 1.8452 56546.28 21.358 0.017 54357.27 19.840 0.027  0 
105454 357.983856 -1.153706 0.1739 56618.07 16.302 0.005 53975.29 15.246 0.020  2 
105474 358.088287 -0.857208 0.4373 56543.18 20.128 0.009 51134.14 19.090 0.025  0 
105477 358.106720  0.393873 1.8454 52911.29 21.005 0.051 51134.14 19.905 0.039  0 
105486 358.185455  1.179951 1.5596 51075.30 21.228 0.058 54029.25 19.873 0.017  0 
105524 358.399628 -1.110933 1.2966 54020.25 21.338 0.146 52586.21 20.253 0.047  0 
105531 358.468781 -0.269073 1.5462 52552.31 21.017 0.053 53313.21 19.974 0.028  0 
105533 358.486877 -0.870792 1.3356 54358.27 21.154 0.070 52557.30 19.874 0.027  1 
105542 358.526306 -0.352938 3.5315 53313.21 22.147 0.133 56544.18 21.016 0.023  0 
105566 358.663116  0.964422 0.3895 54357.27 20.800 0.031 57333.05 18.625 0.007  0 
105587 358.849426 -0.762024 0.5357 53352.11 21.359 0.044 51081.28 19.957 0.036  0 
105597 358.896606 -0.254585 0.7141 52931.22 19.800 0.023 56618.07 18.753 0.006  0 
105605 358.947845  0.503537 1.7380 52552.31 21.516 0.071 51467.38 20.400 0.035  0 
105658 359.290192  0.774060 1.5138 52930.17 20.680 0.035 54029.25 19.648 0.026  0 
105662 359.303589 -0.251346 1.1476 54010.26 21.635 0.084 51819.35 20.136 0.032  0 
105663 359.316132  0.814228 1.6466 54025.32 20.611 0.032 51075.30 19.585 0.024  0 
105673 359.342194 -0.020924 0.8244 51075.30 20.922 0.038 52908.28 19.908 0.028  0 
105675 359.351471  1.092663 0.6965 57333.05 20.933 0.015 53628.27 19.562 0.032  0 
105708 359.572815 -0.707506 2.0489 51081.28 21.004 0.056 52910.29 19.999 0.025  0 
105713 359.591522 -0.682025 1.5071 52935.22 21.596 0.056 51819.36 20.566 0.034  0 
105725 359.665100  0.485114 0.5177 51819.36 20.543 0.029 52522.32 19.413 0.026  1 
105731 359.687317 -0.123351 1.9786 56932.24 19.445 0.008 54019.27 18.386 0.019  0 
105735 359.710846  0.054231 2.0050 51819.36 21.074 0.040 53975.30 20.030 0.029  0 
105749 359.788269  0.961563 1.1687 53705.21 21.783 0.084 51819.36 20.510 0.032  0 
105756 359.829803 -0.522517 0.8365 53312.20 21.575 0.103 51075.30 20.152 0.026  0 
105766 359.903412 -0.520211 1.0956 56932.24 22.386 0.048 52231.20 20.208 0.038  1 
105778 359.992554  0.861057 2.0387 56546.27 19.882 0.009 51819.36 18.816 0.020  0 
